0.14384340552037567
0.234560439234468
0.3715929843610548
0.20658272160232838
0.06477600966559582
0.2728469899496151
0.23505531566553373
0.5974572298797987
0.332077771563122
0.3218860637907135
0.2607198937114006
0.5689014721918095
0.4445565109708749
0.47980537138752277
0.5147767773890282
0.5768348986514706
0.4125788411766642
0.4243208113633181
0.27402855639954504
0.5297775207311903
0.38905965124515185
0.12898840466750672
0.2481191645674219
0.19153182575844596
0.2363089087817074
0.4803691185017591
0.3712750652029122
0.2556098373074407
0.3425868636439058
0.354428850030041
0.580071411373233
0.02458797713942129
0.025510042516363907
0.03054442444016159
0.0327378038052637
0.02053479232105726
0.022566589556207717
0.03586235635277357
0.00493986855790296
0.009062478410865049
0.009895374028889403
0.0030847841289887157
0.004142939873312157
0.010156172493810178
0.01788644993504107
0.031733992859448446
0.033431389746317874
0.015066383785679038
