0.334051
0.080148
0.18478
0.117997
0.156837
0.056183
0.254802
0.302092
0.039197
0.065212
0.192696
0.050249
0.13899
0.085556
0.035241
0.32914
0.160116
0.081802
0.240743
0.053488
0.177428
0.078852
0.176597
0.044586
0.124775
0.15158
0.167067
0.093564
0.105586
0.14373
0.154811
0.224869
0.020686
0.050148
0.095768
0.093329
0.074812
0.294702
0.068711
0.085258
0.01956
0.077236
0.165009
0.022897
0.031038
0.281711
0.300373
0.153836
0.241827
0.182953
0.164969
0.055235
0.151473
0.034395
0.098311
0.11 
0.070377
0.074538
0.220627
0.049602
0.267909
0.064495
0.048474
0.287665
0.035884
0.054274
0.03557
0.099678
0.03408
0.030227
0.036574
0.067257
0.048325
0.084248
0.031503
0.069494
0.146472
0.206697
0.204809
0.10575
0.057946
0.325709
0.17382
0.736
1.725
0.80547
0.548
1.431
1.292172
1.185256
0.518
1.119
0.479
0.569
0.573
0.853625
0.554
0.734
0.387274
0.377871
0.648577
0.681
0.576
0.632
0.507
0.948886
0.456
0.748
1.416
1.028
1.323477
0.371024
0.606
1.033
0.8089
0.782
1.326
1.03 
0.456
0.719
0.938541
0.69331
0.97 
0.998
0.72638
0.681799
0.364
1.401635
0.672
0.818
1.103
0.453
0.492
0.673954
1.3  
0.820573
0.387
1.262
0.661
0.61457
0.941
0.565
0.742444
0.934
1.882
0.366844
1.065
1.211073
0.62408
0.734668
0.535
0.794872
0.762
1.171
0.581915
0.907
1.236851
0.513019
0.67 
0.352
0.614
0.838707
0.517767
0.719
0.570595
0.589335
0.848
1.228
1.12 
0.848
0.912
0.499403
0.294
0.238312
1.048
1.08
0.807
0.485327
0.496
0.56 
0.613
1.459577
1.009287
0.343
0.737035
0.814
1.32 
0.706645
0.746
1.02 
1.155
0.394
0.703741
0.745
0.651664
0.738
0.439
0.776
0.502
0.644
1.055
0.621
0.714
0.374357
0.569854
1.398
0.813
0.549717
0.718548
0.535
0.401
0.329
1.152
0.906
1.357
1.023
1.555
0.731527
0.349
0.62 
0.883
0.771
0.841074
0.927
1.551495
0.95 
0.623
0.711102
0.698
1.395619
1.757
0.361
1.035
0.734
0.857
0.71 
0.487727
1.155
0.599
0.61 
0.843
1.05957
0.213098
0.883078
0.293
1.048
0.308
0.566
1.015
0.489
0.614833
0.77 
0.470186
0.421826
0.759
1.076
0.491491
0.866
0.552
0.526
0.484
0.988
0.526
1.688
0.734
1.379
0.737
0.861
0.384747
0.452675
0.885
1.083
0.398
0.554
0.682
0.768
1.244
0.848985
1.037
0.334
1.014
0.804
0.791292
0.855
0.754
0.599552
0.474
0.574
0.731
0.741
0.400723
0.600709
1.473928
1.183347
0.495232
1.02 
0.842
1.112
0.695
0.442
0.352
1.087
1.401
1.056
0.53 
0.318
0.666
0.878272
0.759
0.776
0.713
0.822
1.15 
0.606
1.078
0.668
0.437
1.138
1.065559
0.487318
0.59131
0.829
0.833044
0.675762
0.44 
0.902
0.501759
0.362315
0.456
0.41993
0.845643
0.582
1.304595
0.772236
1.087
0.786556
1.066
0.96 
0.446
0.704
0.935
0.588
0.271673
0.969844
0.553
0.852
0.906
0.569
0.82 
0.806
1.457
0.751233
0.527
0.525
0.644
1.307876
0.685
1.727
0.774487
0.567106
1.042
0.615
1.055
0.431559
1.196
0.502
0.375
1.199
0.748
0.633
1.499
0.719
0.874
0.6  
0.769203
0.344
2.03 
0.716
1.148
0.374
0.996
0.745
1.099
1.859413
0.281
0.704
1.268977
0.494667
1.043936
0.794
0.821846
0.540956
1.012
0.75 
0.82 
1.999607
0.648
0.890493
1.300091
1.564
0.954
1.029
0.434
0.92 
0.827444
0.633
1.3481
0.585
1.598
0.547207
3.331
0.470148
0.935653
0.569
1.003
0.654
0.832
0.96 
0.628
0.756
1.004
0.904
0.589
1.499
0.423
0.444
1.003
1.347434
0.926
1.279799
0.927
0.879
0.707
0.420046
0.662
0.598
1.11 
0.705
0.319073
1.346
1.192
0.516
0.501552
0.312
0.556
0.522833
1.303
1.082496
1.016069
1.085
0.566
0.404
0.666
0.71873
0.578
0.714
0.682887
0.72 
0.894212
0.427
1.077237
1.034
1.116
0.982
0.691
0.36039
0.793153
1.006
0.65 
0.485
1.292
0.422185
0.786
1.091692
1.058
0.561342
0.823673
1.605273
