0.3327528723848523
0.07948296922939346
0.18411032505878677
0.1185150939939068
0.15735436570629835
0.0567870414324958
0.25591389348102767
0.30311920631412836
0.0397415604795901
0.06619149501041988
0.19386597474808198
0.051424822868384235
0.14024314479095779
0.08676701629519146
0.03638221802300157
0.33040810650820185
0.16145573870499264
0.08292194645670081
0.2421269987012693
0.05437586837174235
0.1788182973268735
0.07979435238704302
0.17787494662205883
0.04524128737998456
0.12610327813578315
0.15295680990197602
0.16815109059830613
0.09473685714173952
0.10693422930971597
0.14461505339910552
0.1557760313486496
0.22585986273878178
0.021289165043871794
0.05138283600734672
0.09651113983533066
0.09464935957972664
0.07608645648766266
0.29583334705651065
0.06996379041187017
0.08651080819614965
0.020788235827296164
0.07851490081911261
0.16615607455001324
0.023753243032687443
0.03168550269169357
0.2821145648484735
0.3012551911230825
0.15502901870452823
0.24311372268292497
0.18387491221882124
0.16610703824893447
0.0560735007843467
0.15243653725381745
0.0353179273510813
0.0991489790605442
0.11054797660923832
0.07086763165972343
0.07502635682646774
0.22114472009434505
0.05030201919462396
0.2684834630109372
0.0650906804365945
0.049062752661567455
0.28848252786451845
0.0365349859414974
0.054934391372656766
0.03612835829316596
0.09986544689779575
0.03459317232048709
0.03036922100381001
0.037025499817622265
0.06755536525887118
0.04873174148514803
0.08453822721970927
0.03173696868182985
0.0696615349945191
0.14681446068730208
0.20701232889793864
0.20495060292399914
0.10578905187523358
0.05667989034242127
0.32410605552512095
0.17241014115122177
0.7339349810717513
1.721764945245586
0.8033584118835959
0.5461690856551469
1.4281111797369288
1.2894864202523495
1.1826395821225044
0.5161877277064026
1.1165049724972986
0.47723116093882223
0.5671489274561579
0.5711363889203165
0.8514534501803503
0.552164850825426
0.7319436541564801
0.3856291254794795
0.3762374596474909
0.6466412092538378
0.6790181024613975
0.5741518505031828
0.6300639800906973
0.5052107590999386
0.9465751980778492
0.4542720328533998
0.7459311440902541
1.413169039068237
1.0255869380394333
1.3207373472687567
0.3694115480775735
0.6041864386455555
1.0307679083824617
0.8069277344828851
0.78003538176815
1.3234254900806
1.0277804348180926
0.45435441316491443
0.7171231834595269
0.9364041377489738
0.6914460554112103
0.9678056150432615
0.9957443685874978
0.7244613463541727
0.6799658672611075
0.3624822897305844
1.3989801535172117
0.670140743340295
0.816002388959501
1.1007063170643328
0.45137155214287783
0.4903630334039104
0.6720874450906029
1.297192157690616
0.8183566428581803
0.38531412244317775
1.2592401134141928
0.6589754734958808
0.6126062869418147
0.9386375153857178
0.5630906626493779
0.7403258634159708
0.9316453967090732
1.8784916436116341
0.3651782557470493
1.0624727439165174
1.2083752778498087
0.6221000250945363
0.7325555858821955
0.5331264879862501
0.7926804326564136
0.7598574319283353
1.1683528012557711
0.579986514964749
0.9046812467880814
1.234121855856403
0.5111782123105513
0.6679720494125716
0.3503464652591308
0.6120292515003347
0.8364584705528293
0.5159068804475782
0.7168941477099138
0.5686716333388067
0.5873913487531235
0.8457392445745835
1.2252700004198678
1.117406592767444
0.8457354262985135
0.9096589549124352
0.4978039248869097
0.292600434431721
0.23700381820953864
1.0457899089807219
1.0777470204416644
0.8050784701718121
0.48377948601820586
0.49445266406484567
0.5583748870115295
0.6113172063162322
1.456967698214465
1.007194828912688
0.341547205978763
0.7351774135683036
0.812103426336519
1.3175372893641888
0.7048712840371318
0.7441533189121481
1.0178300432221419
1.1526840350364367
0.3924927345401408
0.7018986885260234
0.7431888225604313
0.6498966844439487
0.7361313041947366
0.4374882347742086
0.7738422271323979
0.5001855606069856
0.641995934712112
1.0525129361593604
0.6190389283637701
0.711921737508556
0.37268565566462164
0.567941728027975
1.3950845840643367
0.8107954623674976
0.5478344022862092
0.7168390059871885
0.5334614675920104
0.39960610767201055
0.32762579825150207
1.1498345415784264
0.9041114345228483
1.3545765021140515
1.0209809383300508
1.5523693887841445
0.7297993465120829
0.3476058035945895
0.6184066479528783
0.8810649379212641
0.7691774596209444
0.8392191334465406
0.9250371268462434
1.5488788859820373
0.9479952969755909
0.6213500237862588
0.7093472943751311
0.6962796267735469
1.3931783481751547
1.7542654421749821
0.35935663833756437
1.0325580012294626
0.7319351067182582
0.8547537912734875
0.7079460688447259
0.4859405140350135
1.1524043060434792
0.5970737144655813
0.6080636826876755
0.8407903075333203
1.057101145844304
0.2116480311286144
0.8808014158302448
0.29145537790079956
1.0455203622224678
0.3064280150027947
0.5641113716956869
1.013142501305393
0.48755152238431343
0.613351713017549
0.768274419657925
0.46875618612845105
0.42051625025580086
0.7573397591373103
1.0739931456941956
0.4900859019584791
0.8642513201781037
0.5505336174588231
0.5245551331729568
0.482595060958662
0.9861175359325183
0.5245564761071984
1.6854607341449137
0.7323530602553503
1.3767543817907466
0.7353842440767353
0.8591965564571786
0.3834606590018861
0.45132243287270146
0.8832450816987791
1.081086951319152
0.39666728895253867
0.5525227203051359
0.6803696033994859
0.7663630026080135
1.241932150011679
0.8471975919787669
1.0350837376083888
0.3327019214013709
1.0121251641031646
0.8022810059714665
0.7892017201764738
0.8528214509743557
0.7519131861089283
0.5976820976531134
0.4722777231204396
0.5721334177581217
0.7289815277711562
0.7389236245267639
0.3990685125436757
0.5988068903917605
1.4709990490890705
1.1807663037945235
0.4934573484161593
1.0175990274587154
0.8398090186211133
1.1094874495848353
0.6930167013296684
0.44028766160301847
0.35041242638759895
1.084541183608879
1.3981394902663449
1.0535941423001227
0.5282020508060807
0.3164490488220806
0.6640338335595759
0.8760483542012665
0.7569246769720215
0.7739120935785566
0.7109776347609262
0.820430452098051
1.148068005754356
0.6045690467030338
1.0761772584173577
0.6666059025615534
0.43578687361045154
1.1361379685731108
1.0637055444493724
0.4860523846153124
0.5898903512968472
0.8273484144461385
0.831481031887241
0.6742545446023509
0.4387179918762727
0.9004121843906947
0.5004036059298278
0.36108187335093
0.45473992227322646
0.4187335864262014
0.8440456281084545
0.5806350744137065
1.3025771500311025
0.7707433022305281
1.0851870458626842
0.7849896831855192
1.0642024154536536
0.9582585273515858
0.44436365815654044
0.702013617013568
0.9328195280031295
0.586208743323474
0.27019307535702985
0.9675973595892184
0.5512437406630577
0.849858826071697
0.903794005525369
0.5671742428715383
0.8179133090479636
0.8039311690899793
1.454147925575612
0.7499017265680035
0.5257570165067356
0.5237447864704503
0.6427047157530605
1.3061285557039475
0.6836322906498895
1.724895630171014
0.7730248875040491
0.5658266428199588
1.0403135918568989
0.6136926338872446
1.0533069837522038
0.43043510054746825
1.1942149664530919
0.5007977184098218
0.3739662713707521
1.1971704296689802
0.7465756982735152
0.6317156027353532
1.4970316817333331
0.7176242360986342
0.8725630871461896
0.5987746238324867
0.7677865804311157
0.34248697686319796
2.026605377524073
0.7141115532144988
1.1456005393563182
0.3724877876835737
0.9938028972704627
0.7430690262462245
1.0966970504706017
1.856291623764613
0.27959478780852254
0.7021224584265764
1.2665032188388472
0.4930217108448769
1.0416401198248977
0.7920022631217891
0.8204882955553336
0.5399145791003623
1.010492833071051
0.748704979539915
0.8187859077091892
1.9976065116285273
0.6467715797416804
0.8891815330821207
1.2984276794772671
1.5620913119102515
0.9526034901353533
1.0276293318684515
0.4330136814049368
0.918683216095735
0.8261516989003841
0.631788399551573
1.346490055364025
0.5838706266105773
1.5961160177048175
0.5460689938011634
3.3277551425752936
0.46911374521017146
0.9342370563622873
0.5678335310492324
1.0015439536941284
0.6527952262883137
0.8306824177435197
0.9585250469589395
0.626810783519703
0.7547851659632421
1.002539966410915
0.9027269618962868
0.5873334756685289
1.4963033736104863
0.42150850266678996
0.4424734346094883
1.0009186741985685
1.3449847743972985
0.9239805313347578
1.2773756448630489
0.9249796332838465
0.8769734003896055
0.7052042095108448
0.4191001691666745
0.6608963080333443
0.5969446411827146
1.1085995747110262
0.7038850074008733
0.31747571060217217
1.3431617219506022
1.1893632328853068
0.5141675721491985
0.49973660379741247
0.3104113953627017
0.5541287253553016
0.5209880293909936
1.300207999867128
1.079999857279354
1.0136573382529552
1.0825018736958105
0.5641061977636754
0.4023011199237714
0.6639787565078841
0.716650433817793
0.5761072323706711
0.7119430165104375
0.6808677940940384
0.7179312722313913
0.8919378192724807
0.4252731313425604
1.074714218568277
1.0315328981133485
1.1134743907334554
0.9796996707295487
0.6890654753717109
0.3588269981860861
0.7910603570706163
1.0037194198459916
0.6481250653937354
0.48329986841325523
1.2893824433442025
0.4205271975124645
0.7839218534575434
1.0892910278138963
1.055661775816266
0.5595350266330761
0.821547824157711
1.6022637946311629
