--------------------------------------------------------------------------------
OB01    J014017.07-00503.0  0.334 46.14 0.01 -0.68 0.14 0.85 0.0811   617   99 105  773 178  189 1059 188  97 0.82 0.1421  619 113 117  795 208 209 1076  211  104 
OB02    J031027.83-004950.8 0.08  45.05 0.01 -0.83 0.14 0.74 0.0089    73   33  51  133  78   91  163  91 103 0.73 0.0093   98  39  74  165  95  87  179   63  102 
OB03    J032213.90+005513.5 0.185 45.69 0.01 -0.23 0.14 0.71 0.1689   375  150 110  400 145  116  616  27  29 0.7  0.1953  422 164 130  434 172 130  619   13   23 
OB04    J073623.13+392617.8 0.118 45.3  0.01 -0.41 0.14 0.71 0.1933   693  181 559  720 198  569  947 315  17 0.66 0.1993 1087 263 312 1099 282 329  963   10   17 
OB05    J080131.97+473616.0 0.157 45.63 0.01 -1.21 0.16 0.72 0.1553   843  162 134  838 180  156  506   5   6 0.7  0.1926 1004 182 242  985 188 230 1258   11   12 
OB06    J08238.29+421521.0  0.056 44.38 0.01 -1.29 0.14 0.75 0.0904   121   81  86  131  86   91  105  16  24 0.73 0.1203  198 102 109  217 103 113  254  151   24 
OB07    J082628.20+085535.4 0.254 45.63 0.01 -0.23 0.15 0.77 0.0613   430   69  79  501 100  126  541  65  90 0.74 0.1139  502  83 100  566 113 148  546   69  109 
OB08    J082758.53+23332.9  0.302 46.02 0.01 -0.54 0.14 0.71 0.183   1121  514 188 1091 458  176  491  44  49                                                      
OB09    J083949.65+48471.5  0.039 43.91 0.01 -0.74 0.14 0.64 0.0648   338  157 137  348 159  135  556  32  23 0.64 0.0445  365 174 145  373 167 157  562   25  188 
OB10    J085439.24+174122.4 0.065 44.86 0.01 -0.84 0.24 0.7  0.1793   302   75  85  319  82   88  446  17  33 0.69 0.1912  337  70  97  353  79  98  447   20  166 
OB11    J092554.72+19545.1  0.192 45.97 0.01 -1.14 0.14 0.69 0.1933   773  425 318 1062 141  142  999  30  58 0.66 0.1911 1275 357 163 1393 189 175 1323   82  302 
OB12    J09371.05+010543.8  0.051 44.56 0.01 -0.40 0.14                                                       0.63 0.1937 1233 317 277 1273 327 266 1233    7    5 
OB13    J094733.22+10058.8  0.139 45.22 0.01 -0.54 0.14 0.74 0.0498   421   99  90  426 100   91  622 292  36 0.74 0.0989  499 117 119  505 119 119  646   30   23 
OB14    J094745.15+072520.6 0.086 44.63 0.01 -1.77 0.14 0.74 0.0624   287   89 118  313 110  127  470  25  34 0.72 0.0749  420 108  97  453 129 111  512   48   42 
OB15    J095955.85+130237.8 0.035 44.32 0.01 -0.84 0.14 0.6  0.0349    72   46  55   79  47   54  148  54  48 0.6  0.0422   94  44  59   99  44  56  160   16   64 
OB16    J10042.61+285535.4  0.329 46.4  0.01  0.51 0.15 0.69 0.1656   879  317 276  972 358  381  719  51  57 0.69 0.198   913 375 210 1025 380 538  755   49   56 
OB17    J100420.14+05130.4  0.16  45.53 0.01 -0.08 0.14 0.62 0.1917  1185  214 246 1179 240  291  855  88 394 0.67 0.1998 1167 164 240 1166 191 280  840   55   64 
OB18    J100710.21+22031.3  0.082 44.64 0.01 -0.24 0.14 0.6  0.0757   152   64  78  175  89  102  126  46  32 0.6  0.0857  183  69  77  203  91  89  145   50   50 
OB19    J100726.10+124856.2 0.241 46.34 0.01 -1.03 0.14 0.64 0.1799   694  213 293 1045 328  383  593  43  92                                                      
OB20    J100854.94+373930.0 0.054 44.19 0.04 -0.91 0.15 0.8  0.0082    69   44  40   72  49   46   84  12  53 0.74 0.0122   91  28  33  100  32  48  247   18   31 
OB21    J101044.51+004331.3 0.177 45.63 0.01 -1.03 0.14 0.75 0.0432   151   58  61  210 109  101  309  41  29 0.76 0.0312  155  57  63  203 108 101  311   49   28 
OB22    J10133.18+355123.8  0.079 45.16 0.01 -0.64 0.14 0.74 0.0073   124   41  42  163  40   69  146  27  39 0.63 0.0447  153  55  73  197  62 113  191   42   20 
OB23    J102255.63+184744.6 0.176 45.27 0.01 -1.19 0.15 0.86 0.0404   246   88 101  264 104  111  268  43  46 0.83 0.1102  307 116 142  336 133 166  275   28   23 
OB24    J102531.28+514034.9 0.045 44.57 0.01 -0.56 0.14 0.6  0.0427   215   99 125  224 101  143  178  68   8 0.55 0.0871  257 114 135  263 118 149  184    4   28 
OB25    J10455.17+084339.1  0.125 45.29 0.01 -1.0  0.15 0.79 0.0043   134   54  61  165  61   55  212  58  30 0.73 0.0225  150  74  87  212 101 175  212   80   54 
OB26    J104936.91+062922.1 0.152 45.12 0.01 -1.41 0.14 0.71 0.1059   328  110 131  332 151  182  416  84  93 0.65 0.1979  480 153 163  485 202 201  473   47  133 
OB27    J105143.90+335926.7 0.17  45.45 0.01 -0.75 0.14 0.79 0.183    203  102 102  244 129  118  450  80  28 0.79 0.183   320  98 132  366 117 174  447   68   53 
OB28    J105827.06+223533.5 0.094 44.49 0.03 -1.63 0.25 0.61 0.0299   162   40  50  174  40   64  165  14  60 0.64 0.032   188  42  76  211  59  90  234   15   38 
OB29    J110538.99+020257.4 0.106 45.0  0.01 -1.14 0.14 0.67 0.1444   306  235 371  509 303  328  234  21  17 0.65 0.1974  576 390 296  703 332 265  828   16   15 
OB30    J11176.40+441333.3  0.14  45.73 0.01 -0.92 0.15 0.74 0.0746   338   65  75  353  77  101  380  14  17 0.7  0.0746  395  95  76  403 102 103  412   27   25 
OB31    J111830.28+402554.0 0.15  45.61 0.01 -0.21 0.14 0.75 0.0976   276  129 112  319 142  123  654  31  68 0.75 0.0976  315 134 113  351 140 132  691   57   29 
OB32    J112439.18+420145.0 0.23  45.95 0.01 -0.19 0.14 0.72 0.1618   299   62  67  357  76   81  351  12  76 0.7  0.1918  372  70  68  414  82  84  454   13    8 
OB33    J112536.17+542257.2 0.021 43.41 0.01 -1.97 0.29 0.72 0.0045    28   17  12   29  19   13   40   7   7 0.75 0.003    34  12  14   36  12  15   38    5    6 
OB34    J112813.03+10238.3  0.05  44.55 0.01 -0.27 0.14 0.69 0.0146   176   70  79  194  71   80  228  10  12 0.7  0.0127  216  69  75  233  69  85  235   16   53 
OB35    J113029.13+493457.8 0.096 44.62 0.01 -1.68 0.14 0.69 0.1733   400  157 186  398 183  230  459  50  59 0.7  0.1978  553 168 186  565 213 250  495   65  122 
OB36    J11415.71+024117.0  0.093 44.77 0.01 -0.97 0.14 0.75 0.034    156   67  87  178  74   85  238  33  51 0.66 0.1297  219  76 106  248  85 127  285   45   37 
OB37    J114434.73+070516.5 0.075 44.56 0.01 -0.97 0.14 0.62 0.0859   180  128  99  208 137   99  140  44  67 0.6  0.1572  248 162 139  278 172 150  156   23   81 
OB38    J114646.02+371511.7 0.295 45.72 0.01 -0.37 0.15 0.67 0.1947   533  103 207  614 131  182  666  16  63 0.66 0.1917  774 238 284  875 270 248 1298  103   44 
OB39    J114755.07+090229.0 0.069 44.9  0.01 -1.57 0.14 0.74 0.0438   344   98  89  356 100  101  167  17  15 0.77 0.041   421  74 119  432  86 119  166   14   11 
OB40    J120011.27+100135.6 0.085 44.75 0.01 -1.51 0.14 0.67 0.1491   290  120 113  297 137  139  248 108  89 0.65 0.1974  427 157 202  456 189 254  782  136  103 
OB41    J120114.35-034041.0 0.02  43.46 0.03 -1.62 0.14 0.7  0.1529    58   58  57   66  64   70  133  39  74 0.67 0.199    81  76  70   90  69  81  208   66  154 
OB42    J120332.94+022934.7 0.077 44.82 0.01 -0.9  0.14 0.69 0.0873   262   86  89  288  96   81  404  15  64                                                      
OB43    J120442.11+275411.8 0.17  45.16 0.01 -1.21 0.14 0.68 0.1512   351   81 121  402  97  114  582  14   8 0.63 0.1512  508 148 231  571 154 225  589    4    3 
OB44    J121044.28+382010.3 0.023 43.98 0.01 -2.11 0.15 0.69 0.0636   109   57  52  110  60   61  111  13 156 0.7  0.106   133  62  49  138  64  57  269  160    3 
OB45    J12167.09+504930.1  0.031 44.86 0.15 -1.63 0.21 0.9  0.0       58   38  59   61  38   59   80  10  11 0.85 0.009    84  40  61   92  44  65  296  156  106 
OB46    J12510.46+660326.8  0.282 45.89 0.01  0.35 0.15 0.7  0.079    394  102 121  428 139  179  230  29  26 0.68 0.1413  414 125 194  443 166 285  585   77   53 
OB47    J125719.56+442935.4 0.3   46.02 0.01 -0.3  0.14 0.72 0.1656   403  175 165  469 188  209  416  28  50                                                      
OB48    J130947.00+081948.2 0.154 45.74 0.01 -0.67 0.14 0.76 0.179    560  134 150  682 181  190  523  47  18 0.73 0.1963  663 159 154  748 189 194 1168   23   37 
OB49    J13124.71+06417.6   0.242 45.94 0.01 -1.08 0.14 0.71 0.1793  1305  176 185 1409 272  357 1370 237 407 0.71 0.1923 1312 272 191 1410 319 343 1389  229  341 
OB50    J131217.75+351521.1 0.18  46.03 0.01 -0.67 0.14 0.65 0.1778   448   98 135  482 127  150  515 136 298 0.6  0.1987  523 119 122  540 148 144  828  243   49 
OB51    J13144.98+153054.2  0.165 45.22 0.01 -0.69 0.14 0.62 0.1636   209   73  94  249  86  133  305  33  48 0.6  0.1952  286  90 126  312  98 154  359   42   61 
OB52    J13546.43+232549.4  0.055 44.63 0.01 -1.59 0.28 0.78 0.0015    94   62 102  127  72   98   68   5   3 0.74 0.012   132  68  77  164  77  76  232    6    4 
OB53    J135435.69+180517.5 0.16  45.51 0.02 -0.82 0.14 0.87 0.1086   189  141 161  270 141  198  286  58  85 0.87 0.1086  222 156 160  294 131 170  397   73   33 
OB54    J140018.43+050242.2 0.034 44.73 0.10 -0.95 0.18 0.63 0.1636   335  202 207  361 207  209  587  24 171 0.69 0.3257  449 214 206  465 217 203  591   34  186 
OB55    J140621.89+222346.5 0.1   45.13 0.01  0.09 0.15 0.73 0.1537   239  119 117  261 143  148  186  26  25 0.69 0.1537  338 128 130  369 151 157  232   85   22 
OB56    J14170.83+44566.4   0.11  45.04 0.01 -0.7  0.14 0.84 0.1464   427   98  93  456 104   99  453  14 189 0.81 0.1464  505 110 103  529 104 114  641   23  249 
OB57    J14204.29+470716.8  0.07  44.84 0.03 -0.73 0.14 0.62 0.035     84   50  63   97  54   69  315  48  12 0.63 0.0555  121  54  63  136  60  65  195   23   98 
OB58    J142925.07+451831.8 0.075 44.56 0.01 -0.67 0.2  0.6  0.0656    84   79  86  101  94  104  114  20  11                                                      
OB59    J142943.07+474726.2 0.22  45.58 0.01 -0.23 0.14 0.6  0.1916   269   78  81  316 127  111  515 173  34                                                      
OB60    J144431.62+153643.3 0.05  44.35 0.01 -0.85 0.15 0.6  0.1016    85   84  83  112 100  104  354  57 111 0.6  0.1973  144 105  97  174 118 108  290   27   37 
OB61    J144645.94+40355.8  0.27  46.16 0.01 -0.13 0.14 0.77 0.1248   427  102 100  477 123  127  598  41 234 0.77 0.1248  476 112 102  524 120 121  773  190  102 
OB62    J14518.76+270926.9  0.06  45.27 0.01  0.3  0.14 0.89 0.0078   246   51  49  272  58   61  306  46  24 0.88 0.0078  312  54  60  344  66  66  440  118   16 
OB63    J14537.93+255433.1  0.049 44.24 0.02 -2.34 0.28 0.81 0.0       93   25  27  103  30   38  135   5   5 0.76 0.0042  121  26  44  146  39  57  132   69    7 
OB64    J15024.10+064516.1  0.288 45.9  0.01 -0.15 0.18 0.71 0.0793   352   79  79  385  99   93  371  71  80 0.67 0.1563  395  88  84  424 121 120  420  101   76 
OB65    J150556.56+034226.3 0.036 44.58 0.01 -1.31 0.14 0.81 0.0129   160   62  57  169  60   63  188  27  12 0.8  0.0105  218  71 111  225  77 119  200   13   21 
OB66    J150853.95-001149.0 0.054 44.3  0.02 -0.41 0.2  0.77 0.007     66   67  43   72  71   44   71   5   6 0.76 0.0218   63  61  58   78  78  60   80    7   33 
OB67    J152416.66+045119.0 0.036 44.03 0.02                                                                  0.74 0.0179   88  83  84                             
OB68    J15297.46+56166.7   0.1   44.87 0.01 -1.04 0.16 0.67 0.0969   495   98  98  520 117   96  269 136  14 0.73 0.0842  590  98 125  603 109 147  489   17   33 
OB69    J153118.08+072727.9 0.034 44.31 0.01 -1.59 0.14 0.61 0.0199    68   33  31   73  35   36  130   5   4 0.54 0.0454   87  47  51                             
OB70    J153552.40+57549.5  0.03  44.56 0.0  -1.25 0.14 0.62 0.1652   645  197 468  697 207  457  921  10   7 0.68 0.1951  704 121 376  751 149 378  919   16    7 
OB71    J154327.03+075442.1 0.037 43.65 0.06 -1.26 0.17 0.63 0.1284   141   72  53  148  67   52  170  18  21 0.64 0.1973  190 149 139  192 142 142  183   27   31 
OB72    J154351.50+363136.8 0.067 44.36 0.01 -1.09 0.14 0.62 0.0179    81   52  47  115  60   64   96   4   5 0.6  0.0513  126  54  59  156  62  78  230    8   72 
OB73    J15457.52+170951.0  0.048 43.69 0.04 -1.95 0.15 0.68 0.0087   107   61  43  118  48   55  100  14  23 0.68 0.01    128  48  64  134  46  81  126   25   21 
OB74    J155642.84+294847.5 0.085 44.84 0.02 -1.7  0.28 0.61 0.0493    98   61  53  106  67   57   90   3   3                                                      
OB75    J15599.63+350147.5  0.031 44.37 0.01 -0.31 0.15 0.62 0.0241    47   20  43   55  21   67  251 149  86 0.6  0.1256   45  22  30                             
OB76    J16131.63+371714.9  0.07  44.63 0.01 -1.56 0.14 0.87 0.0031    81   39  41  110  45   38  244  16  14 0.88 0.0033  119  60  55  160  66  53  243   16   17 
OB77    J161532.25-002730.4 0.146 45.32 0.01 -0.79 0.14 0.8  0.0252   238   57  62  266  65   66  278  26  80 0.8  0.0426  278  67  69  304  72  70  455   79   28 
OB78    J161723.67+085414.8 0.206 45.52 0.01 -0.07 0.14 0.6  0.136    749   89  78  743  95   87  566 132  95 0.6  0.1788  807 123  84  795 160 118  823  186   78 
OB79    J16267.25+335915.3  0.205 45.8  0.01 -0.15 0.14 0.75 0.0853   245   68  83  269  62  110  231   8   9 0.76 0.1     268  70  94  301  75 116  239    9  101 
OB80    J16480.82+295657.4  0.106 44.89 0.01 -0.61 0.16 0.72 0.031    126   39  69  165  68   93  218  12  15 0.58 0.0689  236  78  67  257  78  68  218    7   98 
OB81    J222435.29-00113.8  0.058 44.36 0.01 -0.7  0.14 0.78 0.1261   324  119 128  336 129  130  650  17  16 0.78 0.1737  344 159 158  360 167 156  677   24   87 
OB82    J22367.68+134355.4  0.32  46.17 0.01  0.22 0.14 0.68 0.1586   424  177 123  498 216  207  511  99  94 0.6  0.1936  473 162 132  526 184 258  505  104  101 
OB83    J235156.13-010913.4 0.174 45.75 0.01 -0.91 0.14 0.88 0.1587   866  100 119  874 101  117  925 144  15 0.88 0.1775 1005 112 125 1010 113 136  936   34   28 
5871    J000535.23+000021.6 0.736 45.28 0.01 -0.82 0.57 0.78 0.1716   594  267 204  707 353  291  985 188 179                                                      
2401    J000654.10-001533.5 1.725 47.0  0.01                                                                  0.83 0.076  2571 233 287 2500 511 464 1510  653 1072 
9836    J001735.69-011325.0 0.805 45.88 0.0  -0.27 0.18 0.87 0.0829   437  178 162  585 259  208  795 243 200 0.75 0.1909  782 453 290  914 424 354  971  231  252 
16898   J00122.78+00422.9   0.548 45.26 0.02 -0.84 0.49 0.87 0.0813   401  102  75  511 171  405  410 128 192 0.82 0.1406  679 250 280  732 255 351  669  269  307 
18562   J00079.94+001854.4  1.431 46.67 0.01            0.7  0.1946  2515  460 417 2672 371  360 2622 306 166                                                      
18792   J001927.17+003539.1 1.289 46.28 0.01            0.82 0.1557  1941  239 352 2024 356  385 1378 194 289 0.81 0.145  2041 282 392 2162 346 497 1262  127  536 
22275   J000054.02+00553.0  1.181 45.96 0.0             0.75 0.1575  1228   95 116 1222 121  177 1240 169 294 0.79 0.141  1086 320 266                             
23343   J000111.21-002011.4 0.518 45.67 0.01 -0.86 0.17 0.86 0.0263   461  103 220  477 113  237  384  32  82 0.83 0.0744  549 154 374  561 154 372  456   75   47 
23705   J001347.62-00257.0  1.119 46.3  0.01            0.88 0.163   1247  134 210 1371 185  287 1382 284 272 0.87 0.1741 1539 202 209 1597 202 236 1643  351  252 
24646   J000011.95+000225.4 0.479 45.85 0.0  -0.28 0.16 0.91 0.0688   475   74  71  537  75   67  508  42  52 0.93 0.0026  578  73  73  616  69  69  600   64   79 
25819   J001252.66-00026.0  0.569 45.26 0.01 -1.05 0.38 0.92 0.0076   237  101 108  251 133  137  355 137 241 0.91 0.0061  360 106 120  380 129 323  474  169  282 
30279   J000754.86-00403.7  0.573 45.25 0.02                                                                  0.82 0.108   487 127 166                             
30691   J001738.76-003117.0 0.854 46.09 0.01 -0.83 0.32 0.89 0.1801  1042  392 386 1091 407  384 1166 282 179 0.91 0.063  1201 650 880 1193 629 818  424  118  136 
32374   J00102.98-01017.3   0.554 45.86 0.0  -0.15 1.04                                                       0.84 0.0442  614 267 156  683 284 137  801   42   60 
36047   J00085.40-00101.9   0.734 46.03 0.0  -0.2  0.26 0.93 0.0      436   75  76  500  83  148  580 114  43 0.82 0.1842  864 164 160  910 162 190  720   30   73 
39631   J001010.03+005126.6 0.387 45.24 0.01 -0.46 0.56 0.8  0.0637   183  112 162  188 130  188  172  89  85 0.68 0.1439  387 183 195  385 185 206  216   64   67 
41684   J001030.55+01006.1  0.378 45.81 0.01 -0.98 0.15 0.87 0.175    247  101 156  279 167  189  514 235  68                                                      
47417   J00154.34-005439.2  0.65  45.94 0.01 -0.88 0.16 0.83 0.1864  1118  200 171 1180 248  190 1380 311 147 0.85 0.062  1193 260 187 1241 290 180 1419   72  112 
51980   J001317.47-000636.0 0.681 45.56 0.02 -0.85 0.27 0.83 0.1708   418  152 231  518 261  312  532 264 245 0.77 0.1991  654 259 198  722 321 222  689  148  214 
52721   J001815.77+001632.5 0.576 44.96 0.03 -1.58 0.53 0.83 0.1415   324  165 173  337 173  188  197  80  83 0.81 0.1459  477 264 179  497 271 201  277  120  172 
56423   J000553.71-010117.8 0.632 45.2  0.04 -0.72 0.24 0.74 0.1465   499   88 116  533 138  155  503 178 159                                                      
82552   J000435.76-011318.5 0.507 45.54 0.03 -0.28 0.23 0.98 0.1421   450   64 100  527  94  192  628  93 115 0.66 0.1996  706 155 189  806 187 373 1160   99  125 
82616   J00068.04-01070.8   0.949 46.2  0.0             0.89 0.0545  1245  183 267 1696 483  769 1301 181 232                                                      
91788   J000943.37+010459.9 0.456 45.3  0.01 -1.15 0.23 0.97 0.0275   275   93  92  284 126  116  288 181 170 0.95 0.0112  362  86  70  364 103  94  388  244  267 
93235   J001047.47+00190.5  0.748 46.0  0.01 -0.65 0.18 0.85 0.1649   579  142 190  676 209  203  993 151 124 0.88 0.0889  809 105 152  857 147 184 1022   45   50 
104193  J00163.34-011514.4  1.416 46.18 0.0             0.92 0.1092  1139  222 282 1327 344  420 1243 228 166 0.92 0.0935 1448 201 190 1508 210 197 1707  183   74 
125388  J000451.86-00123.6  1.028 46.06 0.01            0.86 0.0702   835  131 254  907 163  323 1060 263 133 0.72 0.175   770 148 187  804 135 252 1151   67   74 
130457  J00124.63-004113.6  1.334 46.29 0.01            0.88 0.0012  1453   77 182 1550 204  478 1436  78 111 0.7  0.2    1638  81  86 1653 104 102 1714  154  186 
131901  J001545.36+000822.6 0.371 45.36 0.0  -1.97 0.3                                                        0.79 0.1993 1237 327 286 1454 315 245 1755  215  171 
138442  J004227.48+001416.4 0.606 45.66 0.0  -0.66 0.28 0.92 0.0869   289   60  54  341  94   96  378  82  96 0.83 0.1614  481 128 150  538 151 187  901   84   90 
175731  J005717.64+005158.3 1.033 45.7  0.01            0.88 0.0898  1046  108 123 1083 138  151 1191 207 240 0.69 0.1988  912 260 340  971 291 358 1222  120  155 
176421  J005840.03-004845.7 0.809 45.57 0.01 -0.96 0.35 0.73 0.1881   305  137 177  335 208  283  485 198 243 0.71 0.1974  569 217 427  630 308 494  557  228  260 
176560  J005413.18-001138.4 0.782 45.93 0.0  -0.29 0.16 0.81 0.1828  1179  242 164 1242 283  218 1211 200  55 0.71 0.149  1172 244 439 1277 283 499 1205  121   43 
177139  J005155.08-003114.9 1.326 46.12 0.01            0.95 0.0644   544  122 106  618 149  125  875 131 114 0.92 0.0641  724 157 131  784 171 158  984   96  101 
179173  J005930.07+011124.4 1.03  46.23 0.01            0.84 0.0861  1041  196 166 1101 199  204 1065 143 108 0.83 0.198  1351 185 181 1399 218 225 1590  107   71 
187789  J004150.66+000728.2 0.456 45.42 0.01 -1.19 0.21 0.85 0.037    289   94  85  308 103  134  333 118  75 0.69 0.1632  313 134 180  316 147 196  754  145  140 
189445  J00595.52+000651.8  0.719 46.4  0.0  -0.41 0.23 0.83 0.0318   622  151  96  640 128  118  696  25  31 0.74 0.072   625 101  79  634  86  75  704   24   24 
201270  J00548.98-00199.5   0.939 46.16 0.0             0.92 0.1771  1284  220 226 1363 285  342 1243 411 348 0.72 0.199  1083 295 284 1131 311 276  844  168   86 
209339  J00564.80+005126.6  0.694 45.68 0.02 -0.29 0.79 0.86 0.0448   185  125  96  205 155  116  363 162 141 0.7  0.139   257 166 160  281 175 180  298   77   54 
213538  J004956.86+00302.5  0.97  46.08 0.0             0.91 0.1982   688  296 202  747 332  229  829 231 179                                                      
214484  J004336.00+010637.1 0.998 45.9  0.02            0.81 0.1817   364  365 197  657 264  230  786 178 206 0.75 0.1892  571 227 223  717 300 242  932  248  255 
221975  J005121.26+004521.6 0.726 46.09 0.0   0.0  0.29                                                       0.64 0.158   844 244 275  844 253 303  703  188  350 
223800  J005946.66+000255.0 0.682 45.63 0.03 -0.98 0.16 0.75 0.0942   271  134 189  302 200  249  264 151 210                                                      
230106  J004839.48-010029.2 0.364 45.12 0.01 -0.27 0.41 0.89 0.0688   445  131 237  491 158  264  445  95  75 0.85 0.0851  444 136 294  455 138 310  383   91  144 
237094  J005225.22-00374.8  1.402 46.72 0.0             0.84 0.1564  1688  258 405 1883 520  432 2353 326 493 0.84 0.097  1388 169 235 1409 210 255 1276  131  268 
249227  J004843.70-011125.4 0.672 45.41 0.08 -0.76 0.25 0.91 0.0052   284  132 121  336 183  180  410 140 135 0.85 0.0299  314 168 249  361 185 333  361   62  117 
260132  J005645.70+004154.2 0.818 45.93 0.0  -0.95 0.3  0.79 0.1969   957  304 239 1068 318  568 1094 253 275 0.71 0.198   689 191 240  722 252 323  964   80   78 
266265  J00598.86-00162.6   1.103 45.82 0.01            0.89 0.1531   905  136 158 1003 225  331 1571 169 140 0.92 0.0814  926 192 264  965 237 342 1554  231  189 
268770  J004616.68+000249.2 0.453 44.96 0.01 -1.75 0.29                                                       0.84 0.1343  413 137 148  443 171 184  469  118  127 
272768  J005717.88+003243.1 0.492 45.66 0.02 -0.61 0.27 0.92 0.0234   302  154  83  359 194  108  423 140 101                                                      
273239  J00494.68+001137.0  0.675 45.84 0.01 -0.49 0.22 0.85 0.1464   390  124  95  487 121   97  599 119  69 0.9  0.0666  574 114 102  617 112 105  651  100  101 
274273  J232820.38+002238.3 1.3   46.79 0.0             0.9  0.0853  1618  361 189 1690 335  280 1905  36  53 0.79 0.194  1513 269 234 1533 435 283 1856  307  196 
281956  J232623.74-010731.1 0.821 45.7  0.01 -0.27 0.18 0.72 0.1421   475  153 201  502 204  329  500 150 131 0.74 0.0424  483 185 236  499 232 337  542  213  242 
291004  J233119.80-010632.4 0.387 45.6  0.0  -0.65 0.15 0.73 0.077    576  132 205  640 189  268  540  59 107 0.82 0.062   819 127  97  833 132 110  853   80  181 
297119  J23208.95-004617.4  1.262 45.9  0.01            0.9  0.0562   431  133 160  526 299  340  800 387 256 0.88 0.0886  709 249 194  756 354 272  991  252  248 
297623  J232027.24-011023.9 0.661 45.63 0.01 -0.50 0.19 0.81 0.1120   340  184 193  361 227  218  603 208 220 0.8  0.0753  555 140 152  572 164 176  495   71  103 
298430  J233129.83-004933.2 0.615 45.77 0.0  -0.18 0.38 0.94 0.039    681  122 125  704 133  181  734  67 166 0.95 0.0443  930 124 147  934 134 134  862   56   53 
302703  J233811.06+005442.8 0.941 46.03 0.0                                                                   0.89 0.008   712 181 146  716 205 206  869  166  299 
311327  J232335.76-003057.6 0.565 45.36 0.02 -0.64 0.21                                                       0.8  0.1425  493 158 305  507 178 311  496  178  172 
311417  J233626.78-00083.5  0.743 45.98 0.0  -0.58 0.17 0.74 0.1324  1003  451 156 1477 431  765 1019 159 211 0.8  0.0408  946 372 355 1257 325 412  962   96  131 
311955  J23250.55-011444.9  0.934 45.72 0.01            0.95 0.0957   628  165 140  648 178  193  824 156  73 0.87 0.1013  641 176 176  657 177 192  807  102   65 
312584  J233154.67-002217.8 1.882 46.7  0.01                                                                  0.89 0.06   2381 464 510 2398 660 809 2227 1058 1255 
317716  J233149.49+000719.6 0.367 45.46 0.0  -0.31 0.16 0.86 0.0052   197  104  98  217 109  109  285  22  43 0.88 0.0013  427  96  87  429  97  97  332   57  188 
331873  J232253.54+005544.4 1.065 45.72 0.01            0.84 0.1337   554  217 363  780 389  506  729 251 181 0.85 0.1967  925 318 393 1019 386 473  730  147  137 
337449  J23293.41+001227.0  1.211 46.17 0.0             0.69 0.1539   824  189 252  939 331  467  915 225 199 0.63 0.1992  483 182 173  501 205 191  622  283  217 
358873  J233517.64+01037.6  0.624 45.82 0.01 -0.15 0.16 0.85 0.0519  1202  129  93 1218 175   87 1216 101  95 0.68 0.183  1487 193 237 1446 161 228 1326  155  232 
368570  J233523.52+002853.0 0.735 45.39 0.01 -0.41 0.65 0.83 0.0388   442  110 160  504 191  331  508 214 200 0.79 0.1814  630 377 426  655 413 424 1051  138  112 
369079  J233029.18+003746.6 0.535 45.7  0.01 -1.02 0.17 0.89 0.0375   270   70  75  292 102   91  335 120 126 0.9  0.0359  396  85  81  412  97  97  428  169  203 
372907  J232231.61-001523.0 0.796 45.86 0.01 -0.73 0.22                                                       0.75 0.197  2076 267 196 2074 290 183  514   53   78 
377811  J233741.30+001743.8 0.762 45.42 0.01 -0.52 0.81 0.97 0.1591  1068  189 186 1050 267  249 1059  92 127 0.87 0.0572  852 274 306  857 283 307  448  231  334 
388504  J232649.82-002345.2 1.171 46.29 0.0             0.91 0.144   1140  212 155 1171 228  314 1180 210 181 0.86 0.1535 1072 218 224 1145 249 286 1351  238  110 
392158  J232640.01-003041.4 0.582 45.64 0.01 -0.90 0.15 0.82 0.0879   250  109  81  260 180  154  305 203 179                                                      
401955  J233527.70-001339.4 0.907 46.37 0.0             0.8  0.1416  1361  402 268 1494 410  255 1663 108 153 0.84 0.14   1544 345 306 1597 347 299 1498   36   46 
404473  J232723.69-000243.1 1.228 45.72 0.01            0.86 0.0438   560  141 158  576 205  229  786 274 274 0.77 0.1905  565 281 320  619 364 490  652  306  404 
410232  J233317.38-00233.5  0.513 45.28 0.02 -2.78 0.3  0.9  0.1167   421  109 144  431 140  181  610 438 542 0.87 0.103   553 149 145  555 181 158  556  416  478 
411219  J233517.83-004927.1 0.67  45.49 0.02 -1.22 0.17 0.93 0.1342   412  284 286  432 414  386  561 328 481                                                      
419768  J230946.15+000049.0 0.352 45.36 0.0  -0.97 0.16 0.79 0.1887   365  154 132  490 219  293  382   8  19 0.78 0.1467  486 236 273  501 235 277  563  183  165 
434469  J230222.25-00223.0  0.614 45.49 0.02 -0.42 0.2  0.74 0.1676   414  255 181  509 265  222  554 217 217 0.82 0.0857  409 351 280  466 463 389  548  218  280 
463590  J231747.78+000615.8 0.84  45.57 0.01 -1.53 0.38                                                       0.9  0.012  1400  94 106 1409 114 126 1330  115  121 
489049  J231742.70+011425.1 0.518 45.32 0.01 -1.58 0.16 0.97 0.081    194  190 141  262 257  217  532 302 301                                                      
513714  J230555.49+005946.3 0.719 46.31 0.0   0.35 0.22 0.93 0.1703  1084  237 219 1120 220  206 1084  26  23 0.89 0.1645 1158 195 239 1188 186 236 1468   28   40 
526053  J230632.06+004611.6 0.57  45.47 0.02 -1.11 0.18 0.85 0.1732   346  122 128  393 139  215  280  34  28 0.91 0.0109  548 129 236  591 144 411  613   63   75 
527078  J231535.04+000127.8 0.589 45.35 0.02 -1.37 0.22 0.74 0.0649   328  155 179  360 182  197  411 103 140 0.69 0.059   640 151 141  649 178 159  586  108  125 
538834  J23159.34+001026.4  0.848 46.45 0.0   0.4  0.41 0.91 0.0133   865  186 158  913 250  261  851 186 222 0.9  0.1072  955 224 142  963 233 167 1062   88  107 
551634  J230649.37+01040.8  1.228 46.47 0.0             0.97 0.0084   893  200 177 1021 265  138 1054 219 148 0.86 0.019  1079 255  85 1108 217 126 1059  138  165 
558076  J231445.12+000837.0 1.12  46.32 0.0             0.88 0.1864   633  174 172  774 259  542  829 304 376 0.85 0.171  1789 417 424 1375 382 407 1157  162  194 
562275  J231435.45+010139.0 0.848 45.51 0.01 -0.22 0.95 0.87 0.0580   261  169 142  320 293  213  347 148 251 0.88 0.015   670 148 158  735 217 236  814  219  267 
563138  J231518.65+003616.9 0.912 45.58 0.01            0.86 0.0583   475  137 127  488 202  211  606 213 168 0.75 0.1036  378 161 150  395 227 243  535  258  250 
585159  J010955.63+00550.5  0.5   45.73 0.01 -0.70 0.15 0.75 0.1236   484  147 201  524 177  210  362  40  27 0.83 0.0848  537 115 177  550 128 175  345   27   26 
604284  J010226.33-00394.7  0.294 46.08 0.0  -0.35 0.23 0.78 0.1707   422   50  49  464  53   72  373  60 137                                                      
604678  J011254.91+000313.0 0.239 45.4  0.01 -0.8  0.15 0.86 0.0208   208   76  62  256  90   71  226  61  85 0.89 0.0079  393  77  54  422  72  51  379   39  113 
607110  J010244.14-01148.2  1.048 45.97 0.01            0.82 0.1026   634  186 176  732 279  298 1008 104 101 0.78 0.123   757 165 319  888 278 395 1184  178  301 
611102  J010231.01+000019.4 1.085 45.82 0.01                                                                  0.85 0.065  1703 207 171 1677 326 303 2190   53   83 
621648  J011121.91+011351.6 0.807 45.98 0.0  -0.78 0.27 0.74 0.1341   322  165 113  341 192  138  413 183 228 0.6  0.183   437 205 185                             
628296  J011712.82-005817.4 0.486 45.58 0.01 -0.09 0.33 0.87 0.0516   481   85 133  524 111  144  507 237 160 0.79 0.0587  660 105 110  683 120 114  760   65   63 
644509  J011943.49-010858.6 0.496 44.91 0.03 -1.12 0.29 0.93 0.1054   568  285 280  554 283  311  445  77 122 0.94 0.129   592 287 277  621 249 289  553  193  303 
645377  J01197.06+01023.5   0.56  45.52 0.01 -0.71 0.15 0.76 0.066    611  101 147  617 129  168  536 206 241 0.6  0.096   673 215 244  662 212 259  344   28   74 
653726  J011758.85+002021.5 0.613 46.04 0.0  -0.21 0.17                                                       0.74 0.031  1098 131 165 1109 137 182 1039   69   49 
655926  J010954.86-011246.8 1.459 46.6  0.0             0.93 0.0657  1109  204 262 1341 289  339 1296 155 121 0.87 0.184  1638 202 302 1750 271 291 1684  233  162 
663794  J011720.54-010337.8 1.011 46.02 0.0             0.84 0.0645   672  105 162  695 136  233  671 110 112 0.73 0.183   674 168 152  691 174 179  598   76   72 
673636  J010230.02-00326.7  0.343 45.3  0.01 -1.44 0.16 0.88 0.0301   394  109 121  387 131  153  408 337 397 0.79 0.0224  381 153 241  382 193 247  453  301  350 
674000  J010737.01-001911.6 0.738 46.23 0.0   0.10 0.25 0.86 0.0898   533  107 145  558 122  158  468  70  59 0.82 0.1789  573 168 394  632 218 387  354  111   62 
679757  J01160.12-005156.9  0.814 45.7  0.01 -0.64 0.29 0.94 0.088    469  116 125  535 174  176  587 206 161 0.87 0.082   722 113 174  760 142 187  614   67  115 
680295  J011129.95+003431.4 1.32  46.4  0.0             0.81 0.1579   689  131 133  733 229  208  842 227 209 0.69 0.172   848 221 162  866 270 214 1049  199  263 
680844  J011757.79-010810.0 0.708 45.87 0.01 -0.34 0.16 0.77 0.0752   380  142 105  405 130  153  440  77 119 0.78 0.1427  750 386 277  776 373 316  443   76   83 
682461  J01120.58-002337.0  0.746 45.44 0.02 -0.95 0.28 0.86 0.0563   458  105  91  526 169  156  618 192 148 0.8  0.1313  551 163 116  585 178 153  622  139  236 
683566  J010550.42-001254.7 1.02  46.09 0.0             0.93 0.0354   627  116 118  676 167  195  730 193 276 0.78 0.14    703 173 208  869 286 509  697   61  104 
693840  J010430.58-011430.1 1.155 46.67 0.0             0.89 0.1662  1392  275 250 1462 303  328 1111  90 111 0.84 0.131  1581 229 269 1719 369 415 1241   86  118 
695858  J010342.74+002537.2 0.394 45.95 0.0  -0.31 0.21 0.98 0.0255   846  148 173  878 158  180 1279 159 144 0.97 0.0107  915 280 246  963 302 231 1081   24   22 
696154  J010352.46+003739.7 0.703 46.3  0.02 -0.49 0.19 0.9  0.1928   809  249 271  850 277  263  903  31  39 0.83 0.1693  881 285 283  895 283 297 1417   93  215 
698463  J011855.75-004032.5 0.745 46.01 0.0  -0.69 0.18 0.88 0.0257   943  274 153  964 333  178 1035 263 200                                                      
704093  J010722.80-001858.7 0.652 45.55 0.01 -0.87 0.17 0.76 0.062    536  278 167  606 295  140  734  77  65 0.8  0.0646  356  99 137  365 100 182  345   53   52 
709142  J010529.62-00114.2  0.738 45.23 0.03 -1.63 0.29 0.87 0.1172   700  251 246  813 368  435  608 241 375 0.72 0.1715  647 398 421  740 410 431  667  302  471 
711946  J011420.95-004049.4 0.439 45.48 0.01 -0.78 0.21 0.81 0.1202   324  172 107  406 173  258  531 138  67 0.61 0.1997  494 238 226  617 257 337  608   53  128 
735787  J225050.11-01046.6  0.776 45.86 0.01 -0.41 0.26 0.9  0.0283   499  111  96  525 149  141  530 100 171 0.88 0.084   709 107 181  735 140 233  667   86   75 
761296  J224017.28-011442.7 0.502 45.1  0.02 -1.17 0.32                                                       0.78 0.1977  424 213 346  479 240 465  641   99  148 
781539  J224841.35+005326.9 0.644 45.46 0.02 -0.71 0.2  0.86 0.079    294  100  77  340 100  208  373 101  87 0.72 0.042   542 135 139  582 140 142  574   56   38 
782992  J22412.28-004015.6  1.055 45.73 0.02            0.88 0.1      380  125 139  436 193  299  710 433 333                                                      
799254  J22413.98-005015.4  0.621 45.39 0.02 -1.08 0.4  0.75 0.1204   351  121 142  372 132  154  423 141  80 0.79 0.0932  403 120 217  432 146 232  358  139  148 
812223  J224145.41-000122.8 0.714 45.92 0.0  -0.72 0.2  0.75 0.1354  1699  282 339 1847 390  368  466  28  37 0.73 0.1979 1894 388 306 1900 415 349  505   54   60 
828626  J224923.88-002525.7 0.375 45.29 0.01 -1.06 0.17 0.89 0.0021   247   63  52  268  62   66  311  89  80 0.88 0.0036  355  75 132  367  77 169  347   55   78 
859318  J225339.10-002447.5 0.57  45.85 0.01 -1.0  0.18 0.88 0.0861   430  100 109  476 157  172  602 124 102 0.89 0.015   778 120 141  862 164 194 1106   58   60 
862972  J224431.51+003226.2 1.398 46.97 0.01            0.87 0.1745  1892  278 273 2018 232  219 1645  99 136 0.79 0.195  1598 596 481 1874 529 373 2871   41   64 
869885  J22473.00+000026.3  0.813 45.97 0.01 -0.93 0.21 0.82 0.0979   611  141 181  679 184  356  744 141 288 0.72 0.1948  938 318 309 1017 356 364 1082  219  225 
878066  J224925.54-00531.0  0.55  45.57 0.01 -1.04 0.15 0.8  0.1241  1317  201 270 1553 287  479 1282 155  89 0.83 0.07   1567 276 470 1537 251 319 1348   38   54 
885751  J013436.22+002624.4 0.718 46.16 0.0  -0.21 0.19 0.97 0.0262   525  113 103  675 126  112  852 103 103 0.91 0.0495  779 147 114  873 138 215 1167   34   54 
894192  J01321.08+002324.7  0.535 45.32 0.01 -0.34 0.47 0.9  0.0042   414   67  87  429 111  172  491 120 111 0.91 0.0028  371 158 153  388 163 176  417   51   97 
905667  J013418.19+001536.7 0.4   46.1  0.0  -0.53 0.15 0.95 0.1215   762  151 158  879 143  113  759  89 138                                                      
910070  J012128.08+003450.5 0.329 45.22 0.01 -1.3  0.15 0.94 0.0      422  127 221  431 125  191  266  85 154 0.87 0.0809  509 161 278  519 164 270  166   15   28 
918809  J012954.50-00332.2  1.152 45.76 0.01            0.86 0.1353   551  127 129  676 222  225  853 161 148 0.77 0.1943  531 295 268  660 334 315  799  173  184 
921817  J013555.90+004016.7 0.906 46.28 0.0             0.94 0.1249  1147  124 227 1116 161  135  579  76  79 0.94 0.1228 1277 196 292 1336 199 288  679   65   67 
923471  J01231.80+000323.4  1.357 46.53 0.0             0.89 0.1631  1217  230 235 1460 294  371 1461 260 154 0.9  0.113  1763 321 288 1844 331 261 1787  258  107 
926499  J01327.06-01049.8   1.023 45.56 0.01            0.9  0.0915   536  112 156  605 176  260  623 201 188 0.89 0.0633  647 187 293  708 237 369  602  153  235 
930527  J012331.06+011314.9 1.555 46.47 0.01            0.91 0.0916  2025  174 169 2088 249  344 2243 194 150                                                      
940518  J013228.37-004730.8 0.733 45.43 0.01 -0.93 0.47 0.94 0.0341   376  101 115  399 176  164  621 147 182 0.79 0.102   575  73  75  579  92 115  474  125  161 
952559  J012050.95-001833.1 0.349 45.45 0.0  -1.81 0.17 0.91 0.1411   292   65  59  293  69   63  220  63 146 0.75 0.0759  424 102 111  428 108 120  325  145   65 
953741  J013728.37-001727.2 0.62  45.31 0.03 -1.05 0.28 0.78 0.1191   342  119  91  335 156  127  382 236 258 0.68 0.1882  603 158 269  607 182 308  771  168  113 
960450  J012240.13-003239.8 0.883 46.31 0.0  -0.84 0.23 0.98 0.0023   742  134 100  880 114  116  989  73 104 0.96 0.0484  894 231 154 1023 169 171 1770   55   68 
962398  J01239.05+00335.4   0.771 45.98 0.0  -0.4  0.21 0.98 0.0905  1033  165 203 1028 217  259 1031 732 622 0.86 0.1384  899 261 167  878 282 205  811  625  550 
963412  J013049.68+010244.2 0.842 45.96 0.0  -0.87 0.19 0.86 0.1728   542  139 214  751 247  380  531  78 195 0.79 0.1219 1357 227 443 1439 234 406 2048   52   68 
968658  J01257.54-011213.3  0.927 46.14 0.01            0.87 0.1299   340  145 167  440 246  431  678  87  85 0.82 0.1902  718 180 276  814 231 301 1091   67   56 
970191  J01233.22-005818.8  1.55  46.76 0.0             0.82 0.1435  1143  148 138 1295 306  565 1279 412 389                                                      
971324  J01228.76-005559.5  0.95  45.75 0.01            0.71 0.1641   685   78  67  689 140  111  853 598 716                                                      
980082  J012658.80+000247.8 0.623 45.3  0.02 -0.89 0.2  0.88 0.0097   275   51  47  300  88  100  320  82 131 0.6  0.1403  236 109  94                             
1008471 J012334.10-00238.9  0.711 45.32 0.01 -1.62 0.46                                                       0.69 0.1815  630 275 343  690 360 366  909  384  220 
1008531 J012855.54+01013.4  0.698 45.48 0.01 -0.83 0.29 0.96 0.0626   275  229 295  361 354  334  925 231 387                                                      
1010882 J012655.94+005232.5 1.389 46.2  0.0             0.93 0.0145  1063  122 170 1249 262  502 1300 263 192 0.87 0.112  1097 208 193 1083 248 199  668   96  110 
1014099 J013415.48-005541.2 1.757 47.08 0.0             0.84 0.1880  1801  413 417 2265 349  452 2372 227 189 0.88 0.177  2348 335 433 2408 307 375 2305  105  168 
1027365 J223823.26-00578.3  0.361 45.49 0.01 -0.62 0.16 0.87 0.0567   393   46  51  430  54   88  412  36  36 0.74 0.1615  462  83 175  535 106 270  481   27   28 
1042657 J222836.24-00323.1  1.035 46.05 0.01                                                                  0.77 0.163  1942 239 217 1908 289 267 2037  422  421 
1072282 J222150.35-011114.6 0.734 45.67 0.01 -0.27 0.71 0.8  0.0942   461  126 101  509 165  195  398 105  93                                                      
1086858 J22370.74+001322.4  0.857 45.8  0.01            0.93 0.0639   409  162 167  449 318  273  567 294 304 0.81 0.1     828 222 298  885 331 547 1109  125  110 
1089624 J222732.69+001756.8 0.71  45.62 0.01 -1.16 0.19 0.77 0.1482   269  216 197  426 387  214  417 132 163 0.79 0.0491  551 241 146  596 271 181  437  101  279 
1093653 J223027.84-00533.8  0.488 45.46 0.01 -1.27 0.19 0.86 0.1197   468   77  86  476 111  109  463 117 197                                                      
1099265 J223337.25-003644.6 1.155 46.44 0.0             0.94 0.1219   888  106 130  902 130  152 1014 139 128 0.93 0.027   854  69 118  868 140 137  953   52   82 
1105252 J223144.38+000515.0 0.599 45.51 0.02 -0.27 0.32 0.77 0.0942   407  136 149  422 160  183  327 137 127 0.77 0.0407  217 144 175  223 166 191  338  163  156 
1109656 J223156.11-004259.4 0.61  45.43 0.02 -0.67 0.16 0.89 0.0195   336   75 107  358 106  162  395 136 136 0.81 0.0096  321 103  93  328 132 138  411  140  297 
1111070 J222726.28-002855.9 0.843 46.4  0.0  -0.97 0.17 0.86 0.1853   918  117 139 1025 146  330  936  47  99 0.85 0.087  1072  79  95 1243 226 404 1090   36  155 
1124174 J22257.92+00210.4   1.065 46.34 0.0             0.9  0.1846  1782  186 227 1945 368  503 2001 695 556 0.88 0.139  1938 265 218 1944 324 312 2229  908  619 
1125521 J222024.58+010931.3 0.212 45.7  0.0  -0.9  0.17 0.93 0.1421   481  118 106  492 118  106  444 108  95 0.92 0.1404  554 128 130  570 132 130  490   48  165 
1126917 J223424.10+005227.1 0.883 46.17 0.0  -0.31 0.36 0.97 0.0382  1515  212 172 1505 238  181  980 107 143 0.96 0.0356 1487 217 189 1489 225 185 1094  101  264 
1131957 J222315.12-002610.7 0.293 45.22 0.01 -0.66 0.15 0.85 0.1873   352  244 305  353 233  351  371 115 139 0.83 0.1184  374 287 327                             
1177993 J223731.58+003155.2 1.048 46.44 0.0             0.97 0.1573  1052  249 197 1102 261  208 1256 368 249 0.85 0.168   726 167 130  773 165 177 1321   77   68 
1188453 J222733.22+003449.1 0.308 45.34 0.0  -0.83 0.15 0.92 0.0752   497  169 146  558 191  155  711  79 185 0.83 0.1717  456 269 284  526 320 276  950   32   25 
1189298 J223244.78+00159.4  0.566 45.29 0.01 -1.32 0.22 0.94 0.0248   208   95 132  227 120  131  232  68 118 0.92 0.0398  357 111 122  414 183 188  547  221  151 
1212081 J015633.58+003046.1 1.015 45.87 0.01            0.92 0.0599   382  186 167  479 336  313  463 119 158 0.69 0.1994  870 432 522 1073 667 575 1367  147  127 
1216470 J01419.77+000627.0  0.489 45.61 0.01 -0.19 0.35 0.81 0.0405   207   58  52  234  84   81  241  53  94                                                      
1218434 J015653.16-004623.2 0.615 45.4  0.05 -0.93 0.37 0.69 0.1101   352  161 451  422 212  430  270 179 197 0.68 0.0589  211 128 131  223 171 159  359  186  196 
1224863 J01403.98-002541.9  0.77  45.76 0.0  -0.71 0.24 0.78 0.1393   499   67 116  534  94  172  564  58  73                                                      
1230683 J01409.89-01095.0   0.47  45.19 0.02 -0.88 0.26 0.77 0.1623   287  113 108  330 153  195  374 209 342 0.73 0.1902  482 179 398  508 223 444  691  166  149 
1239108 J015552.63-003914.0 0.422 45.04 0.03 -1.45 0.16 0.93 0.0218   415  197 219  460 256  231  404  77 225 0.85 0.0982  817 241 243  840 257 282 1255   69   75 
1242730 J015010.15+00297.4  0.759 45.9  0.0  -0.74 0.21 0.9  0.0633   335  194 233  533 467  372  557 186 208 0.83 0.113   773 186 262  853 240 348  646  157  171 
1243220 J014324.82+003611.2 1.076 45.93 0.01            0.96 0.143    427  137 130  654 327  447 1035 157 155 0.72 0.1511  497 273 314  631 354 368 1085  195  261 
1245133 J01510.77+005634.8  0.492 45.48 0.0  -0.83 0.15 0.7  0.1477   176   60  46  200  69   58  242  43  90 0.75 0.0099  254  59  52  270  55  53  287   43   39 
1250783 J015215.22+003854.2 0.866 45.55 0.01 -0.06 1.06                                                       0.67 0.1482  579 220 256  597 260 333  626  300  360 
1252652 J014942.50+00151.8  0.552 46.58 0.0  -0.06 0.15 0.92 0.0865  2034  407 235 2225 254  305 1699 111  48 0.94 0.035  2366 216 385 2516 268 394 2409   96  392 
1261571 J014816.73-004822.7 0.526 45.39 0.03 -1.5  0.19 0.96 0.1266   390  188 431  737 500  853 1586 175 128 0.77 0.1931 1067 350 348 1354 496 236 1548   91   84 
1265613 J014756.98-011335.4 0.484 45.18 0.01 -0.91 0.18 0.78 0.0336   285   98  45  300 112   72  391  38  21 0.69 0.0936  179 144 128  192 184 149  375  179  145 
1269806 J014829.66-00311.9  0.988 45.93 0.0             0.93 0.0599  1593  202 145 1600 274  204 1477 392 446 0.9  0.13   1759 165 177 1783 219 212 1683   67   56 
1280361 J01493.41-001010.9  0.526 45.46 0.01 -0.97 0.18 0.73 0.1654   494  116  91  518 139  103  634  54  71 0.8  0.0242  321 128 118  333 148 120  509  125  244 
1284591 J014917.11-002141.8 1.688 46.72 0.0             0.69 0.1711  1737  362 489 1549 388  571 1378 179 237 0.8  0.165  2212 295 286 2216 302 320 2615   56   63 
1290364 J014729.78-004118.2 0.734 45.57 0.0  -0.62 0.17 0.85 0.0736   868  181 180  928 207  269  821 128 174 0.61 0.1567  971 289 321  973 297 287 1133  164  134 
1292491 J014921.53-003221.1 1.379 46.53 0.0                                                                   0.86 0.1692 1111 358 285 1296 439 454 1391  133   89 
1295574 J015355.01+001010.9 0.737 45.61 0.01 -0.9  0.29 0.92 0.0042   341   64  54  417 103   98  464 105  96 0.75 0.058   491 116 113  561 147 115  580  104  101 
1304512 J014134.20-004648.7 0.861 45.6  0.01 -0.74 0.47 0.91 0.0675   427   72  81  447 116  115  433 100 124                                                      
1304533 J015451.41+005932.6 0.385 45.34 0.01 -1.35 0.16 0.84 0.0165   223   58  74  342 126  246  719 148 132 0.63 0.1979  193 162 141                             
1305938 J015355.58+003218.2 0.453 45.48 0.01 -0.43 0.21 0.79 0.1616   311   74  70  334  98   90  332  68 204 0.73 0.1952  430 195 173  463 209 195  559  141  218 
1307128 J015250.83-005419.4 0.885 46.16 0.0  -0.32 0.22 0.79 0.1554   594  122 157  647 165  210  568 249 144 0.81 0.1646  754 214 210  813 223 260  917  230   71 
1310302 J015734.25+00345.5  1.083 46.3  0.0             0.84 0.1546  1242  212 344 1698 514  869 2371 668 319 0.82 0.1711 1565 285 458 1743 402 500 1807  121  179 
1311699 J014645.58-001829.9 0.398 45.34 0.01 -0.64 0.15 0.82 0.0752   211   71  86  237  74  119  266  60  48 0.8  0.0503  271  70  71  293  88  85  319   54   60 
1313712 J014731.97-002019.3 0.554 45.56 0.01 -1.30 0.27 0.82 0.1716   407  343 377  673 504  533 1413 309  81 0.82 0.1871  668 321 198  770 321 345 1378  105   75 
1318567 J014245.29+00482.9  0.682 45.68 0.01 -0.74 0.15 0.94 0.021   1033  144 132 1109 149  156 1054  43  65 0.87 0.1222 1222 291 150 1272 254 149 1857  136  109 
1329214 J015424.46-004742.7 0.768 45.9  0.01 -1.18 0.27 0.95 0.0914   460  131 127  598 171  147  682  93 143 0.93 0.0785  627 129 102  763 119 100  692   50   52 
1329550 J015616.18-000117.8 1.244 46.77 0.0             0.98 0.0789  1131  152 181 1313 180  197 1471 137 131 0.92 0.1285 1266 206 259 1376 213 222 1635  139  110 
1334280 J014156.78-011047.6 0.849 45.32 0.01 -0.79 0.68 0.96 0.0449   467  109 128  301 175  271  248  64  70 0.96 0.0344  307 108 208  289 167 252  480   96  129 
1336333 J015055.44+001543.6 1.036 45.87 0.0             0.85 0.0401   569   67  82  606  99  141  618  99 141                                                      
1340680 J014017.06-00503.1  0.334 46.14 0.0  -0.7  0.14 0.69 0.1138   502  128 100  570 114   73  473 211 202 0.63 0.1131  418 111 122  501 139 113  305   89  215 
1353200 J015320.81-001855.4 1.014 45.5  0.02            0.91 0.129   1093  188 172 1157 282  265 1275 265 315 0.8  0.1807 1182 298 237 1214 362 306 1381  307  220 
1357992 J014648.36-002422.3 0.804 45.74 0.0  -0.18 0.84 0.76 0.1925   287  116 153  339 162  185  349 192 216                                                      
1361524 J220043.37+005130.6 0.792 45.82 0.01 -1.21 0.33 0.89 0.1053   652  112 112  715 170  175  682 135 136 0.9  0.061   811 106 101  828 128 138  789  115  121 
1370819 J220832.02-005238.3 0.855 46.02 0.0  -1.15 0.29 0.89 0.1669   618  121 149  720 148  224  855 134  53 0.84 0.1466 1017 224 150 1050 191 155 1073  166  114 
1376726 J221715.19+002615.0 0.754 45.21 0.02                                                                  0.85 0.1348  190 136 144                             
1386958 J220241.42+002453.6 0.6   45.56 0.0  -0.6  0.23 0.87 0.1144   230  146 159  261 169  191  312  97 116 0.86 0.0748  273  97 134  465 232 253  715   74  183 
1395761 J220146.01+004721.1 0.474 45.14 0.02 -1.36 0.26 0.8  0.0412   468   91 106  504 136  146  416  86 147 0.65 0.1729  577 221 188  626 266 177  784  221   83 
1404855 J221451.26+000725.0 0.574 45.78 0.01 -0.06 0.31 0.87 0.0674   242   91  89  284 156  114  400 101 210 0.83 0.1689  242 181 134  262 239 156  435  233   99 
1413915 J220142.62-000740.4 0.731 46.12 0.0  -0.72 0.18 0.9  0.0663   523  125 170  590 173  250  341  54  64 0.83 0.1988  862 247 352  966 393 393 1417  244  111 
1413956 J221815.62+010842.4 0.741 46.14 0.0   0.25 0.22 0.82 0.1536  1415  336 396 1373 369  467 1153 168 273 0.8  0.162  2069 206 181 2091 125 145 2044   62   36 
1434653 J221155.73-001044.0 0.401 45.74 0.0  -0.91 0.15 0.85 0.1755   347  265 322  368 272  323  509 175 205 0.88 0.0872  468 298 246  484 293 253  655   74  123 
1441658 J221750.50-002425.9 0.6   45.72 0.08 -0.76 0.23 0.86 0.025    315  134 125  338 147  165  616 244  80 0.89 0.0126  343 122 136  361 130 134  653   31   76 
1451699 J221511.93-004550.0 1.478 47.41 0.0             0.84 0.196   3444  465 192 3827 435  426 4012 171 200                                                      
1483800 J221337.97-00435.9  1.183 46.91 0.0             0.76 0.1881  1456  213 299 1684 350  350 1983 468 284 0.87 0.046  1888 235 244 1970 266 311 2173  183  128 
1485220 J221737.56-004854.7 0.495 45.45 0.01                                                                  0.9  0.0275  286  49 121                             
1487261 J221640.15+001619.9 1.02  46.16 0.0             0.95 0.0198   831  112 135  875 156  174 1065 302 243 0.86 0.0742  747 123 239  785 145 336  736  117  228 
1491829 J22199.41-00348.4   0.842 45.94 0.0  -0.74 0.46 0.86 0.0688   405  144 229  543 218  521  533 119 117                                                      
1491872 J22178.83+002717.3  1.112 46.04 0.0             0.68 0.1667  1913  212 269 1995 296  303 1642 575 497 0.84 0.071   777 339 254  877 379 281 1045  290  151 
1496040 J220514.23-004037.2 0.695 45.92 0.01 -0.49 0.17 0.92 0.1307   598  154 135  873 263  268 1146 269 183 0.89 0.1198  630 180 203  851 322 271 1158  345  160 
1504775 J221712.62-00253.0  0.442 45.16 0.01 -1.13 0.17 0.98 0.0274   827  285 339  893 417  536  771 215 377                                                      
1506576 J220851.96-01064.0  0.352 45.71 0.0  -0.5  0.19 0.92 0.0569   522  155 161  610 180  163  615  62  40 0.84 0.12    951 215 158 1010 216 152  710   27   25 
1516454 J220913.06+000747.6 1.087 46.17 0.0             0.9  0.0683   571   91  73  578 126  112  451  56 115 0.86 0.087   754  75  71  914 257 416 1437  122  165 
1516477 J221722.46+010436.5 1.401 46.47 0.02            0.92 0.1161   821  139 155  887 359  356 1198 488 269                                                      
1524735 J220616.03-01110.2  1.056 45.82 0.0             0.83 0.1323   432  123 110  462 181  125  523 140 157 0.71 0.073   727 189 153                             
1527392 J22098.26-005558.8  0.53  45.71 0.01 -0.99 0.14 0.93 0.0970   327   76 117  354  87  110  309  25  37 0.88 0.1312  424 103 129  449 111 123  476   16   24 
1529709 J22074.32+005025.8  0.318 45.2  0.01 -0.38 0.48 0.67 0.1753   436  247 191  483 267  189  428 212 220 0.65 0.1553  450 195 144  445 207 171  366  136  118 
1534500 J221110.99-000953.3 0.666 45.97 0.01 -0.59 0.26 0.72 0.1864  2187  369 229 2291 361  282 2590 105 140 0.76 0.184  2089 395 326 2159 353 313 2695  110  129 
1557002 J221543.54-010052.9 0.878 46.14 0.01 -0.57 0.29 0.95 0.0564   425   81  99  512 283  427  661 370 259 0.92 0.0945  758 256 297  820 285 363  903   93  109 
1561676 J221146.18-003513.6 0.759 45.16 0.03 -1.19 0.25 0.78 0.1247   529   99  86  536 145  129  569 102  64 0.69 0.072   929 119 132  928 138 145 1003  147  110 
1568160 J220735.16+00041.2  0.776 45.88 0.0  -0.59 0.28 0.84 0.155    247  131 129  266 228  218  468 261 239                                                      
1569002 J221325.13-010547.4 0.713 45.25 0.02 -1.13 0.24 0.82 0.0999   453   98 105  493 159  175  294  94 193 0.73 0.1475  590 277 240  570 495 324  677  313  345 
1574863 J021251.94+001048.7 0.822 45.94 0.0  -0.23 0.21 0.9  0.0751   572  128 220  681 192  272  655 157 167                                                      
1576517 J02020.19-005617.2  1.15  46.29 0.0             0.95 0.0404   686   92 102  723 150  136  832 157 149 0.9  0.06    829 159 107  925 202 293 1007  137  254 
1576610 J020517.57+004316.3 0.606 45.5  0.08 -1.06 0.22 0.97 0.019    422   81  73  467  81   76  669 124  69 0.96 0.0509  557  76  67  589  81  76  729   43  130 
1579964 J020847.18+002014.3 1.078 46.02 0.01            0.87 0.1704   592  174 134  638 208  141  686 133 136 0.75 0.14    570 160 161  602 158 202  714  206  228 
1582978 J02193.94-00314.8   0.668 45.82 0.02 -0.57 0.27 0.83 0.0998   354   81 129  444 137  177  483  82  78 0.86 0.0361  438 111 157  491 136 170  430   32   66 
1589206 J021634.03-005759.0 0.437 45.15 0.02 -0.68 0.16                                                       0.78 0.1997  570 151 188  594 174 249  930  149  195 
1589941 J021052.82+005938.8 1.138 46.14 0.01            0.87 0.0236  1720  206 172 1738 380  230 1879 105 144                                                      
1593840 J020319.92+002240.8 1.066 46.0  0.01            0.92 0.1649   694  115 108  788 161  158  823 181 149 0.76 0.077   770 129 243  885 195 442  964  188  371 
1598729 J02169.53+010130.4  0.488 45.61 0.01 -0.47 0.2  0.83 0.0594   620  110  72  643 109   79  613  70 161 0.82 0.033   728  97 114  744 100 115  761   13   18 
1601158 J020332.21-011525.9 0.591 45.7  0.01            0.87 0.1087   592  144 114  655 119  249  534  24  34 0.88 0.0606  685 145 148  717 133 194  536   23   57 
1604794 J020216.42+010913.7 0.829 45.73 0.01 -0.69 0.3  0.92 0.0375  1154  115  94 1159 133  105 1179  60  37 0.77 0.116  1021 221 178 1003 224 194  675  114  338 
1610833 J021539.62+005640.2 0.834 45.69 0.01 -0.84 0.25 0.89 0.0505   485  112 124  533 164  275  400  85 134 0.81 0.0949  552 165 299  587 193 398  508   85  253 
1611614 J020215.07-001557.6 0.676 45.55 0.04 -1.04 0.23 0.66 0.1641   674  291 362  724 351  410  648 322 163 0.72 0.1836  913 285 112  916 294 131  813  301  268 
1633423 J020429.86-004042.2 0.44  45.47 0.01 -0.89 0.15 0.91 0.0145   641   77  81  664  88   97  660 110  51 0.89 0.03    735  96 110  753 107 140  713   27   24 
1643467 J021852.68-010731.8 0.902 45.95 0.02            0.83 0.1281   501  161 179  676 207  169  832 186 118 0.85 0.1456  453 238 203  557 252 238  795  102   59 
1651319 J020222.01+010557.1 0.501 45.55 0.0  -1.4  0.23                                                       0.97 0.005   251  41  67  352 129  93  495  144  224 
1655851 J020115.53+003135.0 0.362 45.51 0.0  -0.68 0.16 0.92 0.016    107   90  70  201 162  139  246  63  62                                                      
1658753 J021219.54+005840.8 0.456 45.33 0.02 -0.08 0.85 0.89 0.0209   243  147 169  240 176  215  188 113 126 0.78 0.1611  427 199 336  449 233 383  274  111  120 
1666630 J021647.54-011341.5 0.42  45.4  0.01 -1.21 0.15 0.98 0.0659   365   79  95  420 113  112  383  58  31 0.9  0.097   651 105 136  713 128 155  811   19   25 
1672044 J021227.22+011224.1 0.847 46.05 0.01 -0.29 0.31 0.79 0.1515   814  462 284  926 450  250  818 250 328 0.83 0.1295  885 322 155  914 271 146  735  172  103 
1694315 J021229.83+000934.2 0.582 45.68 0.0  -0.17 0.22 0.96 0.0265   991   82  84 1018  90   86  815  40  47 0.94 0.016  1077  72  84 1086  71  95 1054   42   49 
1700357 J020817.14-005654.6 1.303 46.76 0.0             0.97 0.0898  1465  187 183 1466 281  611 1270 131 212 0.92 0.103  1566 240 269 1525 255 269 1467  109   73 
1704385 J021713.39-004527.0 0.771 45.94 0.01 -0.53 0.25 0.66 0.1187   738  191 306  732 340  348  777 227 265                                                      
1705093 J02108.38-005622.6  1.087 45.84 0.02            0.89 0.1084  1251  234 238 1375 335  425 1151 379 423                                                      
1716222 J020912.02+004719.0 0.786 45.13 0.01 -1.31 0.3  0.87 0.0067   127  102  83  141 137  132  245 161 219 0.83 0.103  1018  77 102 1012  90 112  693  149  282 
1722231 J02108.26-002632.6  1.066 45.99 0.0             0.91 0.0387   790  206 245  943 282  352  800 258 426 0.9  0.019   883 210 276  950 234 289  736  114   94 
1726140 J020553.98+003631.3 0.96  46.03 0.0             0.74 0.1603  1028  103 134 1030 147  171  921 124 159 0.68 0.085   959 134 195  956 149 216  895   88   75 
1737757 J214337.32-004724.0 0.446 45.77 0.02  0.09 0.18 0.89 0.0832   558  158 150  634 213  201  595 374 146 0.89 0.1188  733 169 225  803 209 253 1086  111   84 
1741264 J215956.50+005340.9 0.704 45.91 0.0  -0.32 0.45 0.94 0.0111   494   89 132  565 105  134  644 118 102 0.93 0.0028  655 107 100  695  90 115  798  125  171 
1759792 J21419.94-00438.0   0.935 45.66 0.01            0.92 0.0834   335  196 174  413 356  375  552 182 228 0.96 0.1165  600 262 208  661 292 276  897  168  323 
1787387 J214123.57-002846.6 0.588 45.33 0.02 -0.47 0.52 0.92 0.055    343  103 143  382 148  165  665 180 187 0.88 0.0899  326 117 163  347 136 177  558  149  132 
1794587 J215949.01+00104.8  0.271 45.34 0.0  -1.03 0.15 0.9  0.1348   530   78  90  552  78   84  500  37  32 0.86 0.0917  670 114 108  704 118 107  377   23   25 
1849353 J214723.28-001453.2 0.971 46.24 0.0             0.93 0.1182  1319  276 195 1396 355  338 1985 328 239 0.9  0.0464 1371 240 264 1406 305 304  906  211  284 
1851221 J214143.87+002131.3 0.553 45.11 0.04 -0.97 0.23 0.89 0.1826   491  114 117  509 147  155  509 138 218 0.94 0.0144  474 112 119  493 147 163  488  149  169 
1899407 J215436.05+00417.4  0.852 46.32 0.0  -0.92 0.32 0.88 0.1278   859  276 249  915 331  488  782 260 308 0.88 0.199  1017 299 375                             
1936593 J215711.86-003426.0 0.906 45.16 0.03            0.82 0.1596   287  150 180  276 259  248  452 180 174 0.84 0.1981  392 222 277  432 214 277  462  138  179 
1943618 J215822.51+010748.7 0.569 45.46 0.01 -0.69 0.18 0.94 0.0044   372   65  48  406  65   59  504  58  91 0.89 0.0     417  70  70  447  67  68  550   53   81 
1968059 J214854.65+01017.3  0.82  46.31 0.0  -0.16 0.17 0.82 0.0807   921   92 100  914 127  138 1007  57  54 0.66 0.2    1263 380 146 1258 410 165 1268   25   26 
1973788 J214956.74-001052.0 0.806 46.18 0.01 -0.5  0.18 0.75 0.0984   619   52  67  636  87  119  710 208 216 0.8  0.108  1331 420 292 1331 414 297 1216  292  330 
1976348 J215841.40-00157.9  1.457 46.92 0.0             0.95 0.1032  1737  217 289 1854 215  267 2015  57 111 0.95 0.024  1982 247 229 2061 219 196 1985   34   86 
1987777 J023824.38+00275.4  0.752 45.52 0.01 -1.22 0.24 0.91 0.1099   908   25  67 1060 352  464 1064 596 233 0.88 0.051  1120  61  54                             
1988699 J02258.06+00177.1   0.527 45.54 0.01 -1.41 0.18 0.77 0.1749   472  101 226  481 121  233  326 118 254 0.83 0.0401  422 108 197  432 138 222  429  187  221 
1990653 J02225.38-004948.0  0.525 45.77 0.0  -0.02 0.49 0.89 0.0075   394   67  76  402  85   89  452 102  45 0.83 0.0505  467 110 115  478 135 133  547   64   76 
2006717 J023112.12-002056.4 0.644 45.59 0.07 -0.82 0.17 0.79 0.1615   415  159 283  616 273  556  587 205 126                                                      
2015961 J023927.07+010029.2 1.304 46.79 0.01            0.93 0.1275  1395  155 149 1385 203  227 1507 274 286 0.94 0.0701 2001 278 357 2017 314 376 1570  165  160 
2020749 J02257.94-003533.0  0.685 45.82 0.0  -2.07 0.18 0.73 0.1388  1165  513 328 1295 367  543 1195 244 323 0.81 0.153  1507 269 459 1554 326 492 1110  321  228 
2023374 J023518.31-000611.2 1.727 46.44 0.01            0.79 0.1994  3346  323 353 3384 489  558 3408 398 331 0.64 0.196  4068 570 923 4134 642 924 3681  208  315 
2024309 J022214.38-001745.2 0.773 45.47 0.01 -0.96 0.4                                                        0.91 0.008   419  71  60  427  82  79  436   77   47 
2026951 J022432.02+001649.1 0.567 45.26 0.04                                                                  0.84 0.1047  331 195 209                             
2033841 J022157.82+000042.5 1.042 46.29 0.01                                                                  0.72 0.1983 1142 288 307 1317 425 304 1484  124  136 
2037747 J022614.47+001529.9 0.615 46.35 0.01  0.25 0.29 0.77 0.0521   737   84 132  775 119  169  771 236 267                                                      
2038880 J022222.80-000745.5 1.055 45.65 0.01            0.81 0.1911   665  175 145  662 234  194  706 327 178 0.85 0.0441  620 101 113  624 128 147  688  119  113 
2043657 J023211.83+00082.4  0.432 45.38 0.01 -0.65 0.26 0.96 0.0137   555   56  60  557  77   84  793 178  58 0.78 0.0718  568  95 102  573 114 118  632  456  376 
2046414 J022428.30-010655.4 1.196 46.17 0.0                                                                   0.87 0.076   490 254 168  565 237 226  568   80  125 
2048560 J02289.79-001525.9  0.502 45.09 0.02 -1.24 0.29                                                       0.75 0.1536  319 215 200  333 273 260  371  192  164 
2050256 J023918.70-011521.2 0.375 45.44 0.0  -0.55 0.19 0.68 0.0689   254   82 152  258  88  157  275 105 116 0.67 0.0899  347 116 101  349 119 108  376   35   56 
2054973 J022047.28+003659.8 1.199 46.53 0.0             0.89 0.1204  1957  162 148 1961 410  420 1719 398 707 0.85 0.069  2018 288 259 2038 451 419 1812  127  215 
2058046 J022435.59-001354.1 0.748 45.79 0.0  -0.9  0.17 0.78 0.1545   688   74 108  720 102  144  704 109 373                                                      
2060780 J02321.08+002444.6  0.633 45.28 0.05 -0.43 0.23 0.82 0.0444   283   99  93  314 152  144  369 128 146 0.77 0.11    245 196 191  286 221 239  443  195  210 
2067058 J023146.49+002740.7 1.499 46.22 0.01            0.89 0.1508  1436  169 246 1423 245  337 1431 589 318 0.68 0.19   1125 133 267 1126 142 228 1319  238  336 
2069098 J022841.09+003049.7 0.719 46.14 0.0  -0.89 0.18 0.72 0.1905   867  273 263 1085 334  273 1256  62 101 0.68 0.1972  936 221 206 1053 241 225 1508   47   64 
2069441 J023655.70+003650.0 0.874 45.68 0.01 -0.1  1.35 0.89 0.0728   712  137 133  926 172  208  871 130 156 0.75 0.109   783 140 243 1027 279 426 1139  268  258 
2116040 J023729.35+011254.0 0.6   45.46 0.02 -0.74 0.3  0.92 0.0522   596  134 165  623 170  200  564 127  73 0.89 0.0987  539 155 157  570 170 179  405  111  239 
2138001 J022838.62+003320.2 0.768 45.56 0.02 -0.31 0.26 0.78 0.0256   200  113 147  249 168  244  274  76  81 0.64 0.0862  367 209 329  478 271 410  559  281  330 
2149795 J213818.96+011222.3 0.344 45.69 0.0  -0.57 0.15 0.71 0.1637   248  135 113  268 203  127  319  93  81 0.71 0.1218  435 208 147  463 216 140  609  112   39 
2168785 J213619.37+004131.9 2.03  47.23 0.01            0.93 0.1347  2073  352 301 2176 753 1102 2050 674 451                                                      
2172986 J212724.34+004718.2 0.716 46.6  0.0  -0.01 0.15 0.87 0.1538  2059  189 226 2186 255  272 2370  72  56 0.75 0.2    2475 470 771 2955 636 582 3405  891  317 
2200878 J213653.83-010026.3 1.148 46.31 0.0             0.63 0.1869  2048  627 709 2296 792  584 2411 505 428 0.83 0.123  1387 234 300 1482 286 366 1264  154  201 
2215141 J212916.54-005031.9 0.374 45.06 0.01 -0.61 0.19 0.81 0.0457   202  116 128  266 139  136  224  49  49 0.72 0.1426  314 150 176  344 165 183  448  251  195 
2230470 J212822.73-000135.0 0.996 46.41 0.0             0.81 0.1996  2082 1170 432 2417 621  379 1448 160 320 0.77 0.175  2230 288 289 2285 301 311 1970   84   80 
2288744 J21317.44-001229.2  0.745 45.95 0.01 -1.17 0.23 0.83 0.0718   560  125  93  597 107  179  670 112  54 0.63 0.174   692 204 136  747 231  90  811  325  283 
2302601 J21287.94-010628.4  1.099 46.33 0.0             0.89 0.074    751  217 165 1173 352  425 1418 344 206                                                      
2319589 J212359.11+002845.1 1.858 47.11 0.0             0.91 0.1894  1508  404 417 2046 515  519 2308 306 292                                                      
2355391 J212556.26+004539.2 0.281 45.08 0.01 -0.51 0.16 0.9  0.016    238   81  68  242  91   74  272 105 156 0.91 0.0059  326  89  77  316  81  74  354  145  110 
2447561 J21304.75-010244.5  0.704 46.13 0.0  -1.72 0.16 0.92 0.1144   831  200 177  966 200  210 1435 165 125 0.93 0.0486  975 188 227 1045 220 286 1031  246  112 
2448723 J21243.31-000712.0  1.265 46.32 0.01            0.83 0.0658  1306  224 601 1652 520  666 2223 356 345 0.84 0.175  1405 315 646 1558 433 607 1054  168  143 
2461157 J212838.21-001443.4 0.495 45.38 0.01 -0.82 0.19 0.91 0.0077   552   86 103  555 109  157  559 109 122 0.86 0.1228  655 223 183  671 220 200  922  250   85 
2464194 J213958.27-010622.7 1.046 46.75 0.0             0.96 0.1878  1980  307 188 2107 302  172 2232  48  55                                                      
2464449 J213520.50-010318.4 0.794 46.17 0.01 -0.97 0.16 0.92 0.1534  1043  155 123 1087 164  132  771  88 170 0.92 0.1067 1097 178 183 1122 178 195 1085   70   48 
2482104 J024135.69-000858.6 0.822 45.76 0.0  -0.18 0.83 0.87 0.1007   432  128 146  488 150  174  611  73  78 0.9  0.0583  445 123  98  469 124 119  511  100  130 
2484608 J025654.43-011455.3 0.542 45.57 0.01 -0.78 0.15 0.95 0.0327   375  102 143  398 152  181  669 380 191 0.88 0.1946  554 212 164  579 259 239 1072  268  173 
2489292 J024053.33+00118.9  1.012 45.43 0.02            0.96 0.0175   439   93 303  733 272  269  723 120 216 0.94 0.0401  469 102 188  607 181 320  755  183  247 
2489918 J024327.96+005555.2 0.75  44.55 0.03 -0.38 0.78 0.76 0.1318   247  145 133  278 189  186  376 225 251 0.66 0.1253  453 316 235  466 326 237  642  334  423 
2490331 J025957.86+003454.1 0.82  45.99 0.0  -0.43 0.18 0.85 0.198   1087  281 509 1166 357  660  678 152 357 0.74 0.169   898 289 695  973 349 785  841  219  399 
2497212 J025928.51-001959.9 2.001 47.64 0.0             0.84 0.1846  3001  170 207 3150 232  218 3106 172 187 0.8  0.175  2788 464 248 2904 443 342 3366  328  256 
2507526 J024141.52+000416.7 0.648 45.74 0.01 -0.4  0.16 0.84 0.1661   636  125 116  635 142  169  964 217 195 0.7  0.195   715 169 166  709 182 179  315  158  132 
2512532 J025313.99-00392.5  0.889 45.86 0.02 -0.67 0.49 0.84 0.1354   273  102  97  315 239  151  504 102 127 0.84 0.0832  276 195 139  330 209 165  537  124  185 
2512776 J024710.08+003110.9 1.302 46.2  0.0             0.79 0.1605   540  238 163  641 256  227 1020 233 110 0.92 0.0517  655 147 114  715 185 135  861  119   92 
2514886 J024157.14+00073.7  1.564 46.68 0.01            0.93 0.0495  1512  176 193 1569 254  311 1421 357 234 0.79 0.1982 1899 410 531 2019 466 852 1661  332  692 
2515171 J024928.87+010924.8 0.954 46.32 0.0             0.92 0.0361   905   91  93  967 119  126 1002  91  73 0.9  0.0545 1005 121 112 1024 122 116 1185   55   91 
2517911 J025716.87-004536.0 1.029 45.94 0.0             0.86 0.1408   516  184 197  540 258  304  584 415 451 0.9  0.0515  622 140 161  600 295 250  680  386  270 
2528730 J025432.52-004220.2 0.434 45.75 0.01 -1.26 0.27 0.9  0.1349   531   86 173  608 108  160  577  33  86 0.88 0.1469  613 113 162  669 121 138  618   54   65 
2536544 J025547.06+003815.0 0.92  46.16 0.0             0.88 0.0938   907   99  82 1016 128  124 1136 160  39 0.87 0.176  1050 151 164 1116 146 210 1106   89  149 
2536996 J02511.01+00482.9   0.828 45.88 0.01 -0.11 0.43 0.91 0.0602   456  160 145  543 180  135  612 158 130 0.74 0.091   810 360 334  942 313 271 1181   80   57 
2537962 J024240.97+002150.8 0.633 45.24 0.05 -1.11 0.17 0.87 0.1318   504  106 135  623 189  200  428  70 215 0.91 0.0735  563  93 114  620 123 134  626  182  163 
2543315 J02567.25+011038.6  1.348 46.65 0.0             0.96 0.0118   959  169 202 1194 248  237 1333 284 168 0.88 0.091  1217 240 221 1345 289 247 1601  162  124 
2546693 J024954.50+010148.0 0.585 45.64 0.0  -0.33 0.28 0.88 0.0820   448   96 120  688 252  250  648 147 112                                                      
2552360 J02463.67-003211.8  1.598 46.85 0.0             0.8  0.1932  1902  338 171 1893 296  153 1943  80  64 0.72 0.1975 1805 497 360 1857 353 267 1737   94   97 
2555100 J024441.42+011434.4 0.546 45.75 0.01 -1.29 0.18 0.91 0.0412   322   87  84  391 117  115  630 232 155 0.87 0.1107  456 116 126  524 142 152  821  190  239 
2555674 J024016.78-004352.0 3.331 47.32 0.01            0.77 0.19932 4397   54 159 4432  96  251 4337 853 268                                                      
2557716 J025156.30+00576.5  0.471 45.51 0.03 -1.3  0.16 0.92 0.0662   974  116 119  988 134  140  976  69  18 0.94 0.0288 1106 130 122 1120 128 116  985   12   22 
2563437 J024425.39-004653.0 0.936 46.1  0.01            0.95 0.0405   766  118 112  785 111  118  702  78  38 0.81 0.1862  965 232 234 1012 237 243  708   80  104 
2566864 J024240.32+005727.0 0.569 46.62 0.0  -0.22 0.22 0.71 0.1884  1709  178 191 2448 426  407 2055  38  71 0.69 0.199  2312 472 404 2441 374 332 2911  296   63 
2578827 J024556.52-000357.2 1.003 45.92 0.01            0.71 0.1123   264  116  88  292 105   96  361  64  28 0.7  0.073   625 109  68  624 107  61  610   26  101 
2582316 J024533.67-000745.1 0.654 45.63 0.08 -0.9  0.23 0.91 0.1416   679   91  98  728 130  157  663  11  15 0.91 0.0763  800  76 117  814  83 146 1000   10    7 
2587687 J02487.70+003552.1  0.832 45.79 0.0  -0.29 0.35 0.76 0.0753   312   98 108  370 239  427  363 175 197 0.7  0.1265  584 236 238  604 300 262  621  241  292 
2591763 J024026.93+004922.8 0.96  45.76 0.01            0.91 0.1388   741  120  97  827 149  167  915  86  67 0.92 0.1556  744 149 130  790 153 143  924   65   67 
2598355 J024442.77-004223.0 0.628 45.48 0.02 -0.6  0.23 0.85 0.1849   191  120 203  235 145  206  377 130 144                                                      
2608700 J025356.81-001124.0 0.756 45.83 0.01 -1.16 0.25 0.78 0.1683   832  150 169  853 164  219 1011  23  13 0.79 0.1334 1247 373 105 1260 225  85 1330   28   18 
2610214 J024514.02-003535.5 1.004 45.81 0.01            0.84 0.1890   449  105 122  520 122  159  641  55  38                                                      
2612294 J025844.23-005512.7 0.904 45.87 0.01            0.82 0.1206   850  204 342  832 215  372  468  50  48 0.8  0.1932  904 304 411  875 282 444  579   99  193 
2635280 J210839.74-004816.9 0.589 45.63 0.01 -1.06 0.16 0.93 0.1449   452  131 147  461 140  151  619 132 125 0.91 0.0421  505 222 132  520 222 139  699  160  104 
2638307 J211848.07+003525.1 1.499 46.53 0.02            0.88 0.1322   551  280 428 1333 767  489 1582 640 399 0.91 0.0536  962 381 335 1174 339 369 1394  318  265 
2717874 J210633.29+011337.9 0.423 45.28 0.01 -0.63 0.24 0.99 0.0131   228  146 102  225 149  109  342 143  86 0.96 0.0048  350 125 107  347 143 117  397   52  121 
2751255 J211035.52+002255.6 0.444 45.26 0.01 -0.96 0.16                                                       0.82 0.0575  537 203 219  548 238 242  539  241  192 
2756096 J21041.99+002249.4  1.003 46.54 0.0             0.93 0.1574   626  217 218  997 295  313 1496 169 257 0.84 0.1543  905 299 355 1367 458 449 1771  180  279 
2823508 J21074.94-011044.0  1.345 46.42 0.0             0.8  0.1672  2070  338 433 2433 570  690 2592 486 423 0.84 0.198  3054 542 691 3284 679 875 3089  136  106 
2928764 J21075.90+004430.8  0.926 46.21 0.0             0.83 0.1593   571  125 151  661 183  247 1067 303 277 0.78 0.1806  804 163 232  866 184 286  754  102  161 
2932743 J211423.40-011111.0 1.278 46.4  0.01            0.84 0.1047   823   92  88  821 204  166  878 139 135 0.93 0.002   800  84  91  820 311 336  819  131  115 
2950142 J21081.27-001737.3  0.927 45.9  0.0             0.87 0.0676   224  134 192  221 190  221  264 113 112 0.85 0.094   218 214 259                             
2989359 J211940.73-002816.0 0.879 46.04 0.01 -0.72 0.57 0.91 0.0585   329  128 165  389 351  383  439 322 397 0.86 0.1853  914 563 360 1042 671 426 1419  450  327 
3005409 J210829.59+003551.7 0.707 45.84 0.0  -0.11 0.32 0.93 0.1724   501  152 130 1293 600  503 1666 772 371 0.87 0.15   1276 198 276 1359 239 307 1020  166  332 
3039394 J030011.93+003527.6 0.42  45.39 0.01 -1.06 0.17                                                       0.74 0.1978  680 422 354  808 415 289 1084   87  143 
3042111 J030048.94+005440.7 0.662 45.95 0.01 -0.31 0.21 0.98 0.0326   498  109 116  708 142  177  831  38  35 0.9  0.0665  826 153 197 1002 195 199 1038   42   25 
3063641 J030044.42-003820.8 0.598 45.34 0.03 -0.76 0.23 0.73 0.1462   378   99 150  393 134  175  420 147 157                                                      
3108961 J030041.78+003237.7 1.11  46.26 0.01            0.85 0.1297   609  132 140  712 230  311  863 381 358 0.92 0.0121  580 145 117  606 161 134  701  149  125 
3148297 J030220.33-002222.8 0.705 45.96 0.0  -0.23 0.23 0.8  0.1940   534  253 273  543 270  291  542 111 125 0.89 0.048   989 183  87  986 162  74  828  100  123 
3876021 J234141.50-00386.7  0.319 45.65 0.0  -0.12 0.15 0.82 0.0169   197   85  97  188 185  153  211 138  99                                                      
3882540 J234442.96-001339.4 1.346 47.2  0.0             0.82 0.1928  1359  202 231 1708 250  326 1795 162  44 0.94 0.033  1246 107 214 1353 122 195 1437   23   29 
3891780 J235552.27+01000.0  1.192 46.69 0.01            0.7  0.124    743  216 390  695 212  296  456  46 191                                                      
3902668 J234336.98-00553.7  0.516 45.22 0.02 -0.07 0.4  0.74 0.1815   960  135 179  998 196  291 1142 286 139 0.76 0.149   834 223 190  869 231 203 1137   81   93 
3902909 J234440.03-003231.6 0.503 46.04 0.0  -0.44 0.15 0.68 0.1622   434  144 199  450 139  189  576  79  48                                                      
3905131 J234019.82-00598.2  0.312 45.11 0.01 -1.06 0.21 0.75 0.1549   364  111 127  423 138  163  247  71 111 0.82 0.0967  435 129 160  485 165 183  463  243  269 
3908151 J235545.53+004923.2 0.556 45.64 0.01 -0.91 0.39 0.9  0.0056   296   65  51  369  86   60  405  48  89 0.94 0.0139  382  73  77  452  80  81  485   42   49 
3909370 J234445.14+002655.7 0.524 45.53 0.01 -0.25 0.18 0.76 0.1558   311  105 113  343 121  129  534  88  71 0.75 0.1252  297 134 151  335 162 147  513   68   88 
3925045 J234231.06+000618.4 1.303 46.61 0.0             0.79 0.1827  2547  479 326 2402 441  490 2527 503 228 0.89 0.02   2107 114 173 2094 139 226 2007   74  189 
3926683 J235735.86-000131.8 1.083 45.9  0.01            0.8  0.1848  1209  335 253 1259 420  319 1471 292 299 0.84 0.1809 1145 350 379 1171 409 399 1537  296  407 
3933992 J235832.42-003240.9 1.017 46.18 0.0             0.78 0.1697   454  170 155  480 261  180  604 192 137 0.85 0.065   829 139 153  811 146 184 1140  382  182 
3936619 J23551.78-010824.7  1.085 46.07 0.0             0.87 0.1213   646  129 199  721 282  343 1065 324 420 0.81 0.161   980 360 334 1083 400 356 1390  159  230 
3938571 J234439.00-00264.9  0.566 45.85 0.0  -0.58 0.18 0.96 0.1429   501  115 141  572 126  163  474  59  66 0.68 0.1996  830 251 335  931 282 292 1104   62   40 
3943941 J234252.37-003915.1 0.404 45.33 0.01 -0.94 0.17 0.65 0.0877   312   83  72  320  92   83  338 133 105                                                      
3944719 J23437.39+003854.6  0.666 45.5  0.07 -0.95 0.46 0.8  0.2      336  111 111  357 199  286  504 297 282                                                      
3947319 J234840.06+010753.4 0.718 45.98 0.01 -0.64 0.17 0.84 0.166   1239  501 258 1500 241  377 1483  66 130 0.93 0.0441 1542 148 311 1591 145 361 1211   28   35 
3952975 J23578.88+00072.3   0.578 45.59 0.02 -0.64 0.15 0.83 0.1471   693  226 431  978 472  451 1390 229 231 0.88 0.1591  875 153 209  920 204 297 1218  113   68 
3958251 J235535.18-001516.6 0.714 45.48 0.01 -1.01 0.21 0.92 0.0616   366   97  80  440 116   94  546  89 147 0.74 0.1982  468 172 147  558 205 171  766  107  164 
3965959 J23596.98+01104.1   0.683 45.28 0.03 -0.76 0.21 0.89 0.0145   221   85  77  259  98   94  363 123 162                                                      
3973305 J235251.19-001612.0 0.72  45.82 0.01 -1.11 0.27 0.95 0.0054   554  119 101  576 123  124  724  68  56 0.86 0.0184  757 186 236  779 195 258  825   49   67 
3974944 J235826.16+011020.3 0.894 46.04 0.0             0.89 0.1732   685  164 169  798 188  262  856 350 227 0.87 0.1653  904 167 239  990 185 333 1189  251  134 
3977589 J23434.25-003351.1  0.427 45.28 0.01 -0.54 0.27 0.7  0.0811   344  155 207  353 194  246  406 225 240 0.75 0.0529  323 198 234  378 250 222  455  275  226 
3998604 J23410.98+003316.9  1.078 46.4  0.0             0.84 0.1333  1541  215 285 1581 280  351  780 215 458 0.83 0.1861 1756 334 333 1829 427 406 1240  173  592 
4000558 J23409.53-001655.9  1.034 45.56 0.01            0.77 0.0457   431  126 134  458 252  251  442 221 319                                                      
4004643 J235917.04-011028.9 1.116 46.54 0.0             0.84 0.1956   851  185 279  954 248  382  751  88 146 0.82 0.1104 1053 347 303 1131 398 370 1251  526  301 
4034348 J002621.65+004121.8 0.982 45.79 0.01                                                                  0.87 0.1701 1040 474 449 1064 448 410  781  317  303 
4035501 J00349.91-002046.3  0.691 45.61 0.03 -0.52 0.19 0.87 0.0087   406  129 207  462 184  221  433 152 198 0.89 0.0443  528 250 215  547 268 229  541  105  270 
4035811 J003242.74+003110.9 0.362 45.38 0.0  -0.9  0.16 0.87 0.0807   168   78  83  225 101   92  368 105  65 0.84 0.1199  239 100  96  288 122 106  428   50   52 
4036159 J002057.31-001734.8 0.793 45.69 0.01 -0.56 0.53 0.86 0.0874   676  173 134  716 186  164  530  94  92 0.83 0.129   634 193 139  643 190 144  759  167  261 
4038725 J00374.42-005434.6  1.006 45.8  0.01            0.93 0.0845   441   98 100  453 143  181  528 246 242 0.89 0.0976  652 167 144  645 203 169  783  162  201 
4047411 J003841.54+000226.5 0.65  45.43 0.04 -1.41 0.25 0.94 0.046    414  172 168  398 191  190  299 148 117 0.86 0.107   605 145 152  758 427 464  863  114   91 
4065339 J003222.58-011217.6 0.485 45.15 0.01 -1.32 0.34 0.93 0.0272   418  173 198  413 200  273  627 275 346 0.93 0.0227  469 171 218  482 190 248  535  145  237 
4071505 J003413.06-010027.0 1.292 47.12 0.0             0.67 0.1927  3366  563 342 3433 569  574 3285 362 409 0.78 0.19   3398 477 461 3444 563 553 3480  223  291 
4072331 J002311.06+003517.5 0.422 45.48 0.01 -1.63 0.15 0.88 0.1566   415  152 147  540 201  120  519  45  45 0.89 0.1616  722 122  98  763  88  90  816   34   51 
4089005 J002130.86-01119.2  0.786 46.02 0.0  -0.47 0.29 0.87 0.0597   349  155 179  439 228  188  619  94 130 0.82 0.065   548 175 144  600 183 173  594   57  122 
4094167 J003410.01+011350.5 1.089 45.83 0.01            0.92 0.1219  1246  164 218 1317 226  265 1400 326 380 0.95 0.0726 1162 277 260 1175 277 259 1507  151  398 
4107774 J003929.21+003635.6 1.058 46.17 0.0             0.92 0.0966   733  158 196 1242 357  274 1006 186 203 0.94 0.0422 1177 221 141 1251 210 134  835   91  104 
4130501 J002549.37-005420.5 0.561 45.47 0.01 -0.83 0.23 0.86 0.0619   420   69  64  430  74   66  427  50  48 0.88 0.0705  438  94  78  446  99  83  557   58   36 
4136284 J00247.08+010622.3  0.824 45.26 0.02  0.14 0.55 0.93 0.0454   451  141 102  485 169  125  860 225 141 0.89 0.0884  524 133 135  546 153 146  695   86   96 
4139647 J002855.94+00140.2  1.605 46.71 0.0             0.79 0.1229   919  271 436 1886 942  765 2252 402 256 0.89 0.116  2157 307 398 2394 349 496 2381  299  338 
